0 0 0.157856 0 0 0 0 0 0 0 0
0 0 0.157122 0 0 0 0 0 0 0 0
0 0 0.157856 0 0 0 0 0 0 0 0
0 0 0 0 0 0 0 0 0 0 0
0 0 0.20321 0 0 0 0 0 0 0 0
0 0 0.158857 0 0 0 0 0 0 0 0
0 0 0.162471 0 0 0 0 0 0 0 0
1 0 0.199662 0 0 0 0 9.17 5.24 100 0
0 0 0.164407 0 0 0 0 0 0 0 0
0 0 0.0511045 0 0 0 0 0 0 0 0
0 0 0.0514381 0 0 0 0 0 0 0 0
0 0 0.0370703 0 0 0 0 0 0 0 0
0 0 0.249412 0 0 0 0 0 0 0 0
0 0 0.136196 0 0 0 0 0 0 0 0
0 0 0.158802 0 0 0 0 0 0 0 0
0 0 0.191886 0 0 0 0 0 0 0 0
0 0 0.0849766 0 0 0 0 0 0 0 0
0 0 0.14582 0 0 0 0 0 0 0 0
1 0 0.186992 0 0 0 0 10.03 5.67 37.5 0
0 0 0 0 0 0 0 0 0 0 0
0 0 0.170602 0 0 0 0 0 0 0 0
0 0 0.0978432 0 0 0 0 0 0 0 0
0 0 0.116225 0 0 0 0 0 0 0 0
0 0 0.0921144 0 0 0 0 0 0 0 0
1 1 0.112994 0 0 0 0 12.55 7.79 100 0
1 0 0.110803 0 0 0 0 12.22 7.33 100 0
0 0 0.151351 0 0 0 0 0 0 0 0
0 0 0.187567 0 0 0 0 0 0 0 0
0 0 0.124049 0 0 0 0 0 0 0 0
1 0 0.199336 0 0 0 0 13.08 8.13 100 0
1 0 0.207921 0 0 0 0 13.35 9.11 100 0
1 0 0.135224 0 0 0 0 13.46 7.64 100 0
0 0 0.103806 0 0 0 0 0 0 0 0
1 0 0.156326 0 0 0 0 15.67 12.33 100 0
0 0 0.221292 0 0 0 0 0 0 0 0
0 0 0.168067 0 0 0 0 0 0 0 0
0 0 0 0 0 0 0 0 0 0 0
0 0 0.0613079 0 0 0 0 0 0 0 0
0 0 0.150611 0 0 0 0 0 0 0 0
0 0 0.00854379 0 0 0 0 0 0 0 0
0 0 0.0210264 0 0 0 0 0 0 0 0
0 0 0.046136 0 0 0 0 0 0 0 0
0 0 0.216099 0 0 0 0 0 0 0 0
0 0 0.268966 0 0 0 0 0 0 0 0
0 0 0.191564 0 0 0 0 0 0 0 0
0 0 0.169435 0 0 0 0 0 0 0 0
0 0 0.139059 0 0 0 0 0 0 0 0
0 0 0.1376 0 0 0 0 0 0 0 0
0 0 0.0797941 0 0 0 0 0 0 0 0
0 0 0.11828 0 0 0 0 0 0 0 0
0 0 0.170051 0 0 0 0 0 0 0 0
0 0 0.167513 0 0 0 0 0 0 0 0
0 0 0.183794 0 0 0 0 0 0 0 0
0 0 0.218472 0 0 0 0 0 0 0 0
0 0 0.120148 0 0 0 0 0 0 0 0
0 0 0.151042 0 0 0 0 0 0 0 0
0 0 0.104545 0 0 0 0 0 0 0 0
0 0 0.151873 0 0 0 0 0 0 0 0
0 0 0.0847161 0 0 0 0 0 0 0 0
0 0 0.165919 0 0 0 0 0 0 0 0
0 0 0.177326 0 0 0 0 0 0 0 0
0 0 0.182081 0 0 0 0 0 0 0 0
0 0 0.146628 0 0 0 0 0 0 0 0
0 0 0.143695 0 0 0 0 0 0 0 0
0 0 0.114943 0 0 0 0 0 0 0 0
0 0 0.0994152 0 0 0 0 0 0 0 0
0 0 0.268775 0 0 0 0 0 0 0 0
0 0 0.152047 0 0 0 0 0 0 0 0
0 0 0.148936 0 0 0 0 0 0 0 0
0 0 0.0239958 0 0 0 0 0 0 0 0
0 0 0.176707 0 0 0 0 0 0 0 0
0 0 0.184433 0 0 0 0 0 0 0 0
0 0 0.183704 0 0 0 0 0 0 0 0
0 0 0.171153 0 0 0 0 0 0 0 0
0 0 0.223087 0 0 0 0 0 0 0 0
0 0 0.132267 0 0 0 0 0 0 0 0
0 0 0.156607 0 0 0 0 0 0 0 0
0 0 0.172992 0 0 0 0 0 0 0 0
0 0 0.194888 0 0 0 0 0 0 0 0
0 0 0.193362 0 0 0 0 0 0 0 0
0 0 0.164973 0 0 0 0 0 0 0 0
0 0 0.15404 0 0 0 0 0 0 0 0
0 0 0.187651 0 0 0 0 0 0 0 0
0 0 0.0462815 0 0 0 0 0 0 0 0
0 0 0.213483 0 0 0 0 0 0 0 0
0 0 0.140279 0 0 0 0 0 0 0 0
0 0 0.268966 0 0 0 0 0 0 0 0
0 0 0.191564 0 0 0 0 0 0 0 0
0 0 0.169435 0 0 0 0 0 0 0 0
0 0 0.149957 0 0 0 0 0 0 0 0
0 0 0.13728 0 0 0 0 0 0 0 0
0 0 0.0797941 0 0 0 0 0 0 0 0
0 0 0.11828 0 0 0 0 0 0 0 0
0 0 0.170051 0 0 0 0 0 0 0 0
0 0 0.167513 0 0 0 0 0 0 0 0
0 0 0.183794 0 0 0 0 0 0 0 0
0 0 0.218472 0 0 0 0 0 0 0 0
0 0 0.119532 0 0 0 0 0 0 0 0
0 0 0.151042 0 0 0 0 0 0 0 0
0 0 0.104545 0 0 0 0 0 0 0 0
0 0 0.150785 0 0 0 0 0 0 0 0
0 0 0.0847161 0 0 0 0 0 0 0 0
0 0 0.165919 0 0 0 0 0 0 0 0
0 0 0.177326 0 0 0 0 0 0 0 0
0 0 0.182081 0 0 0 0 0 0 0 0
0 0 0.146628 0 0 0 0 0 0 0 0
0 0 0.143695 0 0 0 0 0 0 0 0
0 0 0.114943 0 0 0 0 0 0 0 0
0 0 0.0994152 0 0 0 0 0 0 0 0
0 0 0.268775 0 0 0 0 0 0 0 0
0 0 0.152047 0 0 0 0 0 0 0 0
0 0 0.148936 0 0 0 0 0 0 0 0
0 0 0.0238654 0 0 0 0 0 0 0 0
0 0 0.176707 0 0 0 0 0 0 0 0
0 0 0.184433 0 0 0 0 0 0 0 0
0 0 0.183704 0 0 0 0 0 0 0 0
0 0 0.171153 0 0 0 0 0 0 0 0
0 0 0.223087 0 0 0 0 0 0 0 0
0 0 0.132267 0 0 0 0 0 0 0 0
0 0 0.157422 0 0 0 0 0 0 0 0
0 0 0.172992 0 0 0 0 0 0 0 0
0 0 0.195953 0 0 0 0 0 0 0 0
0 0 0.193362 0 0 0 0 0 0 0 0
0 0 0.164732 0 0 0 0 0 0 0 0
0 0 0.15404 0 0 0 0 0 0 0 0
0 0 0.187651 0 0 0 0 0 0 0 0
0 0 0 0 0 0 0 0 0 0 0
0 0 0.0857143 0 0 0 0 0 0 0 0
0 0 0 0 0 0 0 0 0 0 0
0 0 0.0871717 0 0 0 0 0 0 0 0
0 0 0.195326 0 0 0 0 0 0 0 0
1 0 0.141907 0 0 0 0 14.62 9.01 100 0
0 0 0.179612 0 0 0 0 0 0 0 0
0 0 0.179678 0 0 0 0 0 0 0 0
0 0 0.250996 0 0 0 0 0 0 0 0
0 0 0.12766 0 0 0 0 0 0 0 0
0 0 0.237179 0 0 0 0 0 0 0 0
0 0 0.228985 0 0 0 0 0 0 0 0
0 0 0.243553 0 0 0 0 0 0 0 0
1 1 0.198966 0 0 0 0 15.04 9.81 100 0
0 0 0.169941 0 0 0 0 0 0 0 0
0 0 0.095776 0 0 0 0 0 0 0 0
0 0 0.0576549 0 0 0 0 0 0 0 0
0 0 0.0888575 0 0 0 0 0 0 0 0
0 0 0.19403 0 0 0 0 0 0 0 0
1 1 0.223919 0 0 0 0 14.86 9.65 100 0
1 0 0.170872 0 0 0 0 14.73 9.05 75 0
1 0 0.227 0 0 0 0 14.76 9.05 53.85 0
1 0 0.176606 0 0 0 0 14.73 9.05 75 0
0 0 0.188937 0 0 0 0 0 0 0 0
0 0 0.0783353 0 0 0 0 0 0 0 0
0 0 0.115159 0 0 0 0 0 0 0 0
0 0 0.112435 0 0 0 0 0 0 0 0
0 0 0.054646 0 0 0 0 0 0 0 0
0 0 0.0676165 0 0 0 0 0 0 0 0
0 0 0.0187743 0 0 0 0 0 0 0 0
0 0 0.0610654 0 0 0 0 0 0 0 0
0 0 0.0273191 0 0 0 0 0 0 0 0
0 0 0.116334 0 0 0 0 0 0 0 0
0 0 0.113924 0 0 0 0 0 0 0 0
0 0 0.0548506 0 0 0 0 0 0 0 0
0 0 0.0676165 0 0 0 0 0 0 0 0
0 0 0.0187743 0 0 0 0 0 0 0 0
0 0 0.0608488 0 0 0 0 0 0 0 0
0 0 0.0273315 0 0 0 0 0 0 0 0
0 0 0.115159 0 0 0 0 0 0 0 0
0 0 0.113924 0 0 0 0 0 0 0 0
0 0 0.054646 0 0 0 0 0 0 0 0
0 0 0.0678426 0 0 0 0 0 0 0 0
0 0 0.0187743 0 0 0 0 0 0 0 0
0 0 0.0608488 0 0 0 0 0 0 0 0
0 0 0.027382 0 0 0 0 0 0 0 0
0 0 0.115159 0 0 0 0 0 0 0 0
0 0 0.113179 0 0 0 0 0 0 0 0
0 0 0.054646 0 0 0 0 0 0 0 0
0 0 0.0678426 0 0 0 0 0 0 0 0
0 0 0.0187743 0 0 0 0 0 0 0 0
0 0 0.0608488 0 0 0 0 0 0 0 0
0 0 0.0273696 0 0 0 0 0 0 0 0
0 0 0.115159 0 0 0 0 0 0 0 0
0 0 0.113179 0 0 0 0 0 0 0 0
0 0 0.054646 0 0 0 0 0 0 0 0
0 0 0.0673903 0 0 0 0 0 0 0 0
0 0 0.0187743 0 0 0 0 0 0 0 0
0 0 0.0610654 0 0 0 0 0 0 0 0
0 0 0.0273191 0 0 0 0 0 0 0 0
0 0 0 0 0 0 0 0 0 0 0
0 0 0.256021 0 0 0 0 0 0 0 0
0 0 0.125237 0 0 0 0 0 0 0 0
0 0 0.265121 0 0 0 0 0 0 0 0
0 0 0.168504 0 0 0 0 0 0 0 0
0 0 0.228507 0 0 0 0 0 0 0 0
0 0 0.107761 0 0 0 0 0 0 0 0
0 0 0.0698413 0 0 0 0 0 0 0 0
0 0 0.120739 0 0 0 0 0 0 0 0
0 0 0.188017 0 0 0 0 0 0 0 0
0 0 0.156013 0 0 0 0 0 0 0 0
0 0 0 0 0 0 0 0 0 0 0
0 0 0 0 0 0 0 0 0 0 0
0 0 0.0627081 0 0 0 0 0 0 0 0
0 0 0.0334992 0 0 0 0 0 0 0 0
0 0 0.0853414 0 0 0 0 0 0 0 0
0 0 0.0127468 0 0 0 0 0 0 0 0
0 0 0 0 0 0 0 0 0 0 0
0 0 0.0881702 0 0 0 0 0 0 0 0
0 0 0.0853087 0 0 0 0 0 0 0 0
0 0 0.092115 0 0 0 0 0 0 0 0
0 0 0.051282 0 0 0 0 0 0 0 0
0 0 0 0 0 0 0 0 0 0 0
0 0 0 0 0 0 0 0 0 0 0
0 0 0 0 0 0 0 0 0 0 0
0 0 0.0904208 0 0 0 0 0 0 0 0
0 0 0.134785 0 0 0 0 0 0 0 0
0 0 0.070357 0 0 0 0 0 0 0 0
0 0 0.0661355 0 0 0 0 0 0 0 0
0 0 0.169973 0 0 0 0 0 0 0 0
0 0 0.0622923 0 0 0 0 0 0 0 0
0 0 0.159327 0 0 0 0 0 0 0 0
0 0 0.186529 0 0 0 0 0 0 0 0
0 0 0.131206 0 0 0 0 0 0 0 0
0 0 0.11127 0 0 0 0 0 0 0 0
0 0 0.153521 0 0 0 0 0 0 0 0
0 0 0.212824 0 0 0 0 0 0 0 0
1 0 0.148325 0 0 0 0 13.72 8.31 300 0
0 0 0.187895 0 0 0 0 0 0 0 0
0 0 0.173913 0 0 0 0 0 0 0 0
0 0 0.290856 0 0 0 0 0 0 0 0
0 0 0.0418286 0 0 0 0 0 0 0 0
0 0 0.104398 0 0 0 0 0 0 0 0
0 0 0.138047 0 0 0 0 0 0 0 0
0 0 0.186858 0 0 0 0 0 0 0 0
0 0 0.173913 0 0 0 0 0 0 0 0
0 0 0.290856 0 0 0 0 0 0 0 0
0 0 0.0418286 0 0 0 0 0 0 0 0
0 0 0.104809 0 0 0 0 0 0 0 0
0 0 0.138889 0 0 0 0 0 0 0 0
0 0 0.186858 0 0 0 0 0 0 0 0
0 0 0.173913 0 0 0 0 0 0 0 0
0 0 0.290856 0 0 0 0 0 0 0 0
0 0 0.0418286 0 0 0 0 0 0 0 0
0 0 0.10522 0 0 0 0 0 0 0 0
0 0 0.138889 0 0 0 0 0 0 0 0
0 0 0.144458 0 0 0 0 0 0 0 0
0 0 0.057346 0 0 0 0 0 0 0 0
0 0 0.144458 0 0 0 0 0 0 0 0
0 0 0.0568182 0 0 0 0 0 0 0 0
0 0 0.0882353 0 0 0 0 0 0 0 0
0 0 0.231068 0 0 0 0 0 0 0 0
0 0 0 0 0 0 0 0 0 0 0
0 0 0 0 0 0 0 0 0 0 0
0 0 0 0 0 0 0 0 0 0 0
0 0 0 0 0 0 0 0 0 0 0
0 0 0.123991 0 0 0 0 0 0 0 0
0 0 0.0667699 0 0 0 0 0 0 0 0
0 0 0.0192571 0 0 0 0 0 0 0 0
0 0 0.0251279 0 0 0 0 0 0 0 0
0 0 0.146269 0 0 0 0 0 0 0 0
0 0 0.0726795 0 0 0 0 0 0 0 0
0 0 0.0849759 0 0 0 0 0 0 0 0
0 0 0.095334 0 0 0 0 0 0 0 0
0 0 0.20751 0 0 0 0 0 0 0 0
0 0 0.0555201 0 0 0 0 0 0 0 0
0 0 0 0 0 0 0 0 0 0 0
0 0 0.0547422 0 0 0 0 0 0 0 0
0 0 0 0 0 0 0 0 0 0 0
0 0 0.0891331 0 0 0 0 0 0 0 0
0 0 0.193906 0 0 0 0 0 0 0 0
0 0 0.132471 0 0 0 0 0 0 0 0
0 0 0.210585 0 0 0 0 0 0 0 0
0 0 0.238681 0 0 0 0 0 0 0 0
0 0 0.207927 0 0 0 0 0 0 0 0
0 0 0.142334 0 0 0 0 0 0 0 0
0 0 0.153765 0 0 0 0 0 0 0 0
0 0 0.264293 0 0 0 0 0 0 0 0
0 0 0.109014 0 0 0 0 0 0 0 0
0 0 0.105324 0 0 0 0 0 0 0 0
0 0 0.182698 0 0 0 0 0 0 0 0
0 0 0.161911 0 0 0 0 0 0 0 0
0 0 0.111537 0 0 0 0 0 0 0 0
0 0 0.219059 0 0 0 0 0 0 0 0
0 0 0.115872 0 0 0 0 0 0 0 0
0 0 0.204696 0 0 0 0 0 0 0 0
0 0 0.123365 0 0 0 0 0 0 0 0
0 0 0.126876 0 0 0 0 0 0 0 0
0 0 0.124208 0 0 0 0 0 0 0 0
0 0 0.224431 0 0 0 0 0 0 0 0
0 0 0.0192587 0 0 0 0 0 0 0 0
0 0 0.0251279 0 0 0 0 0 0 0 0
0 0 0.146269 0 0 0 0 0 0 0 0
0 0 0.0726795 0 0 0 0 0 0 0 0
0 0 0.0849759 0 0 0 0 0 0 0 0
0 0 0.0951661 0 0 0 0 0 0 0 0
0 0 0.12741 0 0 0 0 0 0 0 0
0 0 0.0444825 0 0 0 0 0 0 0 0
0 0 0.311896 0 0 0 0 0 0 0 0
0 0 0 0 0 0 0 0 0 0 0
0 0 0 0 0 0 0 0 0 0 0
0 0 0 0 0 0 0 0 0 0 0
0 0 0 0 0 0 0 0 0 0 0
0 0 0 0 0 0 0 0 0 0 0
0 0 0.067342 0 0 0 0 0 0 0 0
0 0 0.0956697 0 0 0 0 0 0 0 0
0 0 0.249807 0 0 0 0 0 0 0 0
0 0 0.0887883 0 0 0 0 0 0 0 0
0 0 0.241185 0 0 0 0 0 0 0 0
0 0 0.186737 0 0 0 0 0 0 0 0
0 0 0.219414 0 0 0 0 0 0 0 0
0 0 0.256027 0 0 0 0 0 0 0 0
0 0 0.250754 0 0 0 0 0 0 0 0
0 0 0.241262 0 0 0 0 0 0 0 0
0 0 0.207605 0 0 0 0 0 0 0 0
0 0 0.158333 0 0 0 0 0 0 0 0
0 0 0.171698 0 0 0 0 0 0 0 0
0 0 0.222566 0 0 0 0 0 0 0 0
0 0 0.142109 0 0 0 0 0 0 0 0
0 0 0.158333 0 0 0 0 0 0 0 0
0 0 0.171698 0 0 0 0 0 0 0 0
0 0 0.0314901 0 0 0 0 0 0 0 0
0 0 0.179072 0 0 0 0 0 0 0 0
0 0 0.199006 0 0 0 0 0 0 0 0
0 0 0.224388 0 0 0 0 0 0 0 0
0 0 0.231557 0 0 0 0 0 0 0 0
0 0 0.22201 0 0 0 0 0 0 0 0
0 0 0.232373 0 0 0 0 0 0 0 0
0 0 0.2217 0 0 0 0 0 0 0 0
0 0 0.207919 0 0 0 0 0 0 0 0
0 0 0.199082 0 0 0 0 0 0 0 0
0 0 0.158333 0 0 0 0 0 0 0 0
0 0 0.171698 0 0 0 0 0 0 0 0
0 0 0.0252903 0 0 0 0 0 0 0 0
0 0 0.207756 0 0 0 0 0 0 0 0
0 0 0.142482 0 0 0 0 0 0 0 0
0 0 0.226966 0 0 0 0 0 0 0 0
0 0 0 0 0 0 0 0 0 0 0
0 0 0 0 0 0 0 0 0 0 0
0 0 0 0 0 0 0 0 0 0 0
0 0 0 0 0 0 0 0 0 0 0
0 0 0 0 0 0 0 0 0 0 0
0 0 0 0 0 0 0 0 0 0 0
0 0 0 0 0 0 0 0 0 0 0
0 0 0 0 0 0 0 0 0 0 0
0 0 0 0 0 0 0 0 0 0 0
0 0 0.256856 0 0 0 0 0 0 0 0
0 0 0 0 0 0 0 0 0 0 0
0 0 0.22809 0 0 0 0 0 0 0 0
0 0 0 0 0 0 0 0 0 0 0
0 0 0 0 0 0 0 0 0 0 0
0 0 0 0 0 0 0 0 0 0 0
0 0 0 0 0 0 0 0 0 0 0
0 0 0.187545 0 0 0 0 0 0 0 0
0 0 0.0792562 0 0 0 0 0 0 0 0
0 0 0 0 0 0 0 0 0 0 0
0 0 0 0 0 0 0 0 0 0 0
0 0 0.117309 0 0 0 0 0 0 0 0
0 0 0 0 0 0 0 0 0 0 0
0 0 0.0227094 0 0 0 0 0 0 0 0
0 0 0.0241255 0 0 0 0 0 0 0 0
0 0 0.22809 0 0 0 0 0 0 0 0
0 0 0 0 0 0 0 0 0 0 0
0 0 0.0827308 0 0 0 0 0 0 0 0
0 0 0 0 0 0 0 0 0 0 0
0 0 0 0 0 0 0 0 0 0 0
0 0 0 0 0 0 0 0 0 0 0
0 0 0 0 0 0 0 0 0 0 0
0 0 0.187545 0 0 0 0 0 0 0 0
0 0 0.0792562 0 0 0 0 0 0 0 0
0 0 0 0 0 0 0 0 0 0 0
0 0 0.22809 0 0 0 0 0 0 0 0
0 0 0 0 0 0 0 0 0 0 0
0 0 0 0 0 0 0 0 0 0 0
0 0 0 0 0 0 0 0 0 0 0
0 0 0 0 0 0 0 0 0 0 0
0 0 0.167471 0 0 0 0 0 0 0 0
0 0 0.226488 0 0 0 0 0 0 0 0
0 0 0 0 0 0 0 0 0 0 0
0 0 0 0 0 0 0 0 0 0 0
0 0 0.213049 0 0 0 0 0 0 0 0
0 0 0 0 0 0 0 0 0 0 0
0 0 0.124875 0 0 0 0 0 0 0 0
0 0 0.115028 0 0 0 0 0 0 0 0
0 0 0.114953 0 0 0 0 0 0 0 0
0 0 0.123885 0 0 0 0 0 0 0 0
0 0 0.0962754 0 0 0 0 0 0 0 0
0 0 0.124876 0 0 0 0 0 0 0 0
0 0 0.12364 0 0 0 0 0 0 0 0
0 0 0.125874 0 0 0 0 0 0 0 0
0 0 0.114815 0 0 0 0 0 0 0 0
0 0 0.115028 0 0 0 0 0 0 0 0
0 0 0.114815 0 0 0 0 0 0 0 0
0 0 0.0978102 0 0 0 0 0 0 0 0
0 0 0.097968 0 0 0 0 0 0 0 0
0 0 0.0985401 0 0 0 0 0 0 0 0
0 0 0.0972424 0 0 0 0 0 0 0 0
0 0 0.0779076 0 0 0 0 0 0 0 0
0 0 0.0972424 0 0 0 0 0 0 0 0
0 0 0.0971014 0 0 0 0 0 0 0 0
0 0 0.0978102 0 0 0 0 0 0 0 0
0 0 0.0978261 0 0 0 0 0 0 0 0
0 0 0.097968 0 0 0 0 0 0 0 0
0 0 0.0978261 0 0 0 0 0 0 0 0
0 0 0.107417 0 0 0 0 0 0 0 0
0 0 0.078707 0 0 0 0 0 0 0 0
0 0 0.159154 0 0 0 0 0 0 0 0
0 0 0.124171 0 0 0 0 0 0 0 0
0 0 0.0758242 0 0 0 0 0 0 0 0
0 0 0.0692614 0 0 0 0 0 0 0 0
0 0 0.152614 0 0 0 0 0 0 0 0
0 0 0.124171 0 0 0 0 0 0 0 0
0 0 0.0696903 0 0 0 0 0 0 0 0
0 0 0.25569 0 0 0 0 0 0 0 0
0 0 0.150916 0 0 0 0 0 0 0 0
0 0 0.224454 0 0 0 0 0 0 0 0
0 0 0.243341 0 0 0 0 0 0 0 0
0 0 0.241007 0 0 0 0 0 0 0 0
0 0 0.229961 0 0 0 0 0 0 0 0
0 0 0.137988 0 0 0 0 0 0 0 0
0 0 0.190297 0 0 0 0 0 0 0 0
0 0 0.215969 0 0 0 0 0 0 0 0
0 0 0.278008 0 0 0 0 0 0 0 0
0 0 0.155157 0 0 0 0 0 0 0 0
0 0 0.161789 0 0 0 0 0 0 0 0
0 0 0.180801 0 0 0 0 0 0 0 0
0 0 0.17214 0 0 0 0 0 0 0 0
0 0 0.137176 0 0 0 0 0 0 0 0
0 0 0.241007 0 0 0 0 0 0 0 0
0 0 0.292535 0 0 0 0 0 0 0 0
0 0 0.323372 0 0 0 0 0 0 0 0
0 0 0.28927 0 0 0 0 0 0 0 0
0 0 0.316629 0 0 0 0 0 0 0 0
0 0 0.287136 0 0 0 0 0 0 0 0
0 0 0.25102 0 0 0 0 0 0 0 0
0 0 0.25481 0 0 0 0 0 0 0 0
0 0 0.226282 0 0 0 0 0 0 0 0
0 0 0.270319 0 0 0 0 0 0 0 0
0 0 0.255743 0 0 0 0 0 0 0 0
0 0 0.26184 0 0 0 0 0 0 0 0
0 0 0.306736 0 0 0 0 0 0 0 0
0 0 0.229961 0 0 0 0 0 0 0 0
0 0 0.138971 0 0 0 0 0 0 0 0
0 0 0.186402 0 0 0 0 0 0 0 0
0 0 0.215969 0 0 0 0 0 0 0 0
0 0 0.278008 0 0 0 0 0 0 0 0
0 0 0.155157 0 0 0 0 0 0 0 0
0 0 0.161553 0 0 0 0 0 0 0 0
0 0 0.18156 0 0 0 0 0 0 0 0
0 0 0.17214 0 0 0 0 0 0 0 0
0 0 0.136888 0 0 0 0 0 0 0 0
0 0 0.241007 0 0 0 0 0 0 0 0
0 0 0.229961 0 0 0 0 0 0 0 0
0 0 0.138971 0 0 0 0 0 0 0 0
0 0 0.190297 0 0 0 0 0 0 0 0
0 0 0.215969 0 0 0 0 0 0 0 0
0 0 0.278008 0 0 0 0 0 0 0 0
0 0 0.155157 0 0 0 0 0 0 0 0
0 0 0.161756 0 0 0 0 0 0 0 0
0 0 0.18099 0 0 0 0 0 0 0 0
0 0 0.17214 0 0 0 0 0 0 0 0
0 0 0.136311 0 0 0 0 0 0 0 0
0 0 0.241007 0 0 0 0 0 0 0 0
0 0 0.241007 0 0 0 0 0 0 0 0
0 0 0.241007 0 0 0 0 0 0 0 0
0 0 0.15 0 0 0 0 0 0 0 0
0 0 0.144385 0 0 0 0 0 0 0 0
0 0 0.197333 0 0 0 0 0 0 0 0
0 0 0 0 0 0 0 0 0 0 0
0 0 0 0 0 0 0 0 0 0 0
0 0 0.0300783 0 0 0 0 0 0 0 0
0 0 0 0 0 0 0 0 0 0 0
0 0 0 0 0 0 0 0 0 0 0
0 0 0 0 0 0 0 0 0 0 0
0 0 0.10879 0 0 0 0 0 0 0 0
0 0 0.136864 0 0 0 0 0 0 0 0
0 0 0.101604 0 0 0 0 0 0 0 0
0 0 0 0 0 0 0 0 0 0 0
0 0 0.206963 0 0 0 0 0 0 0 0
0 0 0 0 0 0 0 0 0 0 0
0 0 0 0 0 0 0 0 0 0 0
0 0 0.0196447 0 0 0 0 0 0 0 0
1 0 0.112299 0 0 0 0 0 0 0 0
1 0 0.121693 0 0 0 0 0 0 0 0
1 0 0.1477 0 0 0 0 0 0 0 0
1 0 0.191638 0 0 0 0 0 0 0 0
0 0 0.0122778 0 0 0 0 0 0 0 0
0 0 0.0332764 0 0 0 0 0 0 0 0
0 0 0.163498 0 0 0 0 0 0 0 0
0 0 0.163498 0 0 0 0 0 0 0 0
0 0 0.110622 0 0 0 0 0 0 0 0
0 0 0.208103 0 0 0 0 0 0 0 0
0 0 0.093205 0 0 0 0 0 0 0 0
0 0 0.159091 0 0 0 0 0 0 0 0
0 0 0.208207 0 0 0 0 0 0 0 0
0 0 0.174009 0 0 0 0 0 0 0 0
0 0 0.196721 0 0 0 0 0 0 0 0
0 0 0.104206 0 0 0 0 0 0 0 0
0 0 0.132612 0 0 0 0 0 0 0 0
0 0 0.111532 0 0 0 0 0 0 0 0
0 0 0.201829 0 0 0 0 0 0 0 0
0 0 0.111406 0 0 0 0 0 0 0 0
0 0 0.211949 0 0 0 0 0 0 0 0
0 0 0.113208 0 0 0 0 0 0 0 0
0 0 0.178197 0 0 0 0 0 0 0 0
0 0 0.121891 0 0 0 0 0 0 0 0
0 0 0.181115 0 0 0 0 0 0 0 0
0 0 0.0685155 0 0 0 0 0 0 0 0
0 0 0.174687 0 0 0 0 0 0 0 0
0 0 0.0708394 0 0 0 0 0 0 0 0
0 0 0.206434 0 0 0 0 0 0 0 0
0 0 0.123305 0 0 0 0 0 0 0 0
0 0 0.116914 0 0 0 0 0 0 0 0
0 0 0.137037 0 0 0 0 0 0 0 0
0 0 0.0879676 0 0 0 0 0 0 0 0
0 0 0.153034 0 0 0 0 0 0 0 0
0 0 0.178649 0 0 0 0 0 0 0 0
0 0 0.117029 0 0 0 0 0 0 0 0
0 0 0.0771794 0 0 0 0 0 0 0 0
0 0 0.0985603 0 0 0 0 0 0 0 0
0 0 0.137037 0 0 0 0 0 0 0 0
0 0 0.0888662 0 0 0 0 0 0 0 0
0 0 0.153034 0 0 0 0 0 0 0 0
0 0 0.178649 0 0 0 0 0 0 0 0
0 0 0.117029 0 0 0 0 0 0 0 0
0 0 0.0771794 0 0 0 0 0 0 0 0
0 0 0.0985603 0 0 0 0 0 0 0 0
0 0 0.137037 0 0 0 0 0 0 0 0
0 0 0.0879676 0 0 0 0 0 0 0 0
0 0 0.153034 0 0 0 0 0 0 0 0
0 0 0.178649 0 0 0 0 0 0 0 0
0 0 0.117029 0 0 0 0 0 0 0 0
0 0 0.0771794 0 0 0 0 0 0 0 0
0 0 0.0985603 0 0 0 0 0 0 0 0
1 1 0.103448 0 0 0 0 14.69 9.44 100 0
1 1 0.122642 0 0 0 0 14.69 9.44 100 0
1 1 0.110063 0 0 0 0 14.57 9.44 100 0
1 1 0.090625 0 0 0 0 14.59 9.44 100 0
0 0 0.20778 0 0 0 0 0 0 0 0
1 1 0.150685 0 0 0 0 11.44 7.14 100 0
0 0 0.023791 0 0 0 0 0 0 0 0
0 0 0.0352169 0 0 0 0 0 0 0 0
0 0 0.0192115 0 0 0 0 0 0 0 0
0 0 0.0564103 0 0 0 0 0 0 0 0
0 0 0.101113 0 0 0 0 0 0 0 0
0 0 0.189076 0 0 0 0 0 0 0 0
0 0 0.0843299 0 0 0 0 0 0 0 0
1 0 0.483073 0 0 0 0 7.09 3.76 100 0
0 0 0.185611 0 0 0 0 0 0 0 0
0 0 0.103189 0 0 0 0 0 0 0 0
0 0 0.129973 0 0 0 0 0 0 0 0
0 0 0 0 0 0 0 0 0 0 0
0 0 0.088556 0 0 0 0 0 0 0 0
0 0 0.1 0 0 0 0 0 0 0 0
0 0 0.200895 0 0 0 0 0 0 0 0
0 0 0.213922 0 0 0 0 0 0 0 0
0 0 0.135309 0 0 0 0 0 0 0 0
0 0 0.194647 0 0 0 0 0 0 0 0
0 0 0.197183 0 0 0 0 0 0 0 0
1 0 0.121622 0 0 0 0 15.75 11.45 100 0
0 0 0 0 0 0 0 0 0 0 0
0 0 0 0 0 0 0 0 0 0 0
0 0 0.0475287 0 0 0 0 0 0 0 0
0 0 0.081846 0 0 0 0 0 0 0 0
0 0 0.163151 0 0 0 0 0 0 0 0
0 0 0 0 0 0 0 0 0 0 0
0 0 0.214286 0 0 0 0 0 0 0 0
0 0 0.0918622 0 0 0 0 0 0 0 0
0 0 0 0 0 0 0 0 0 0 0
0 0 0 0 0 0 0 0 0 0 0
0 0 0 0 0 0 0 0 0 0 0
0 0 0.164271 0 0 0 0 0 0 0 0
0 0 0 0 0 0 0 0 0 0 0
0 0 0.0144824 0 0 0 0 0 0 0 0
1 1 0.130177 0 0 0 0 6.22 4.53 100 0
0 0 0.149886 0 0 0 0 0 0 0 0
0 0 0.207407 0 0 0 0 0 0 0 0
0 0 0.142857 0 0 0 0 0 0 0 0
0 0 0.198095 0 0 0 0 0 0 0 0
0 0 0.195939 0 0 0 0 0 0 0 0
0 0 0.115837 0 0 0 0 0 0 0 0
1 0 0.182045 0 0 0 0 6.57 4.62 80 0
0 0 0 0 0 0 0 0 0 0 0
0 0 0.20321 0 0 0 0 0 0 0 0
0 0 0.157714 0 0 0 0 0 0 0 0
0 0 0.162471 0 0 0 0 0 0 0 0
1 0 0.199662 0 0 0 0 9.16 5.24 100 0
0 0 0.164407 0 0 0 0 0 0 0 0
0 0 0.115905 0 0 0 0 0 0 0 0
0 0 0.150785 0 0 0 0 0 0 0 0
0 0 0.142473 0 0 0 0 0 0 0 0
0 0 0.125448 0 0 0 0 0 0 0 0
0 0 0.122699 0 0 0 0 0 0 0 0
0 0 0.115885 0 0 0 0 0 0 0 0
0 0 0.129803 0 0 0 0 0 0 0 0
0 0 0.120132 0 0 0 0 0 0 0 0
0 0 0.137529 0 0 0 0 0 0 0 0
0 0 0.139442 0 0 0 0 0 0 0 0
0 0 0.106254 0 0 0 0 0 0 0 0
0 0 0.221413 0 0 0 0 0 0 0 0
0 0 0.19187 0 0 0 0 0 0 0 0
0 0 0.20202 0 0 0 0 0 0 0 0
0 0 0.160752 0 0 0 0 0 0 0 0
0 0 0.158129 0 0 0 0 0 0 0 0
0 0 0.222222 0 0 0 0 0 0 0 0
0 0 0.223633 0 0 0 0 0 0 0 0
0 0 0.238399 0 0 0 0 0 0 0 0
0 0 0.227238 0 0 0 0 0 0 0 0
0 0 0.199292 0 0 0 0 0 0 0 0
0 0 0.224806 0 0 0 0 0 0 0 0
0 0 0.206266 0 0 0 0 0 0 0 0
0 0 0.232449 0 0 0 0 0 0 0 0
0 0 0.0995438 0 0 0 0 0 0 0 0
0 0 0.0711032 0 0 0 0 0 0 0 0
0 0 0.205479 0 0 0 0 0 0 0 0
0 0 0.115905 0 0 0 0 0 0 0 0
0 0 0.150785 0 0 0 0 0 0 0 0
0 0 0.142473 0 0 0 0 0 0 0 0
0 0 0.125448 0 0 0 0 0 0 0 0
0 0 0.122699 0 0 0 0 0 0 0 0
0 0 0.115885 0 0 0 0 0 0 0 0
0 0 0.129803 0 0 0 0 0 0 0 0
0 0 0.120132 0 0 0 0 0 0 0 0
0 0 0.137529 0 0 0 0 0 0 0 0
0 0 0.139442 0 0 0 0 0 0 0 0
0 0 0.10661 0 0 0 0 0 0 0 0
0 0 0.206266 0 0 0 0 0 0 0 0
0 0 0.115905 0 0 0 0 0 0 0 0
0 0 0.150785 0 0 0 0 0 0 0 0
0 0 0.142473 0 0 0 0 0 0 0 0
0 0 0.125448 0 0 0 0 0 0 0 0
0 0 0.122699 0 0 0 0 0 0 0 0
0 0 0.115885 0 0 0 0 0 0 0 0
0 0 0.129803 0 0 0 0 0 0 0 0
0 0 0.120132 0 0 0 0 0 0 0 0
0 0 0.137529 0 0 0 0 0 0 0 0
0 0 0.139442 0 0 0 0 0 0 0 0
0 0 0.106965 0 0 0 0 0 0 0 0
0 0 0.206266 0 0 0 0 0 0 0 0
0 0 0.115905 0 0 0 0 0 0 0 0
0 0 0.150785 0 0 0 0 0 0 0 0
0 0 0.142473 0 0 0 0 0 0 0 0
0 0 0.125448 0 0 0 0 0 0 0 0
0 0 0.122699 0 0 0 0 0 0 0 0
0 0 0.115885 0 0 0 0 0 0 0 0
0 0 0.129803 0 0 0 0 0 0 0 0
0 0 0.120132 0 0 0 0 0 0 0 0
0 0 0.137529 0 0 0 0 0 0 0 0
0 0 0.139442 0 0 0 0 0 0 0 0
0 0 0.106254 0 0 0 0 0 0 0 0
0 0 0.231851 0 0 0 0 0 0 0 0
0 0 0.279711 0 0 0 0 0 0 0 0
0 0 0.238981 0 0 0 0 0 0 0 0
0 0 0.235006 0 0 0 0 0 0 0 0
0 0 0.251938 0 0 0 0 0 0 0 0
0 0 0.252896 0 0 0 0 0 0 0 0
0 0 0.211921 0 0 0 0 0 0 0 0
0 0 0.212871 0 0 0 0 0 0 0 0
0 0 0.237123 0 0 0 0 0 0 0 0
0 0 0.147826 0 0 0 0 0 0 0 0
0 0 0.206266 0 0 0 0 0 0 0 0
0 0 0.115905 0 0 0 0 0 0 0 0
0 0 0.150785 0 0 0 0 0 0 0 0
0 0 0.142473 0 0 0 0 0 0 0 0
0 0 0.125448 0 0 0 0 0 0 0 0
0 0 0.122699 0 0 0 0 0 0 0 0
0 0 0.115885 0 0 0 0 0 0 0 0
0 0 0.129803 0 0 0 0 0 0 0 0
0 0 0.120132 0 0 0 0 0 0 0 0
0 0 0.138306 0 0 0 0 0 0 0 0
0 0 0.139442 0 0 0 0 0 0 0 0
0 0 0.10661 0 0 0 0 0 0 0 0
0 0 0.206266 0 0 0 0 0 0 0 0
0 0 0 0 0 0 0 0 0 0 0
0 0 0 0 0 0 0 0 0 0 0
1 1 0.202532 0 0 0 0 15.32 9.98 100 0
0 0 0.133919 0 0 0 0 0 0 0 0
0 0 0.107623 0 0 0 0 0 0 0 0
0 0 0.104956 0 0 0 0 0 0 0 0
0 0 0.101744 0 0 0 0 0 0 0 0
0 0 0.169367 0 0 0 0 0 0 0 0
0 0 0.219348 0 0 0 0 0 0 0 0
0 0 0.0732266 0 0 0 0 0 0 0 0
1 1 0.181953 0 0 0 0 15.32 10.42 100 0
0 0 0.0605327 0 0 0 0 0 0 0 0
0 0 0.153731 0 0 0 0 0 0 0 0
1 1 0.189911 0 0 0 0 14.81 9.55 100 0
1 0 0.172805 0 0 0 0 15.31 10.33 100 0
0 0 0.0615756 0 0 0 0 0 0 0 0
0 0 0.134243 0 0 0 0 0 0 0 0
1 1 0.121658 0 0 0 0 15.23 9.98 100 0
0 0 0.050883 0 0 0 0 0 0 0 0
1 0 0.155224 0 0 0 0 14.59 9.73 100 0
0 0 0.187959 0 0 0 0 0 0 0 0
1 1 0.185529 0 0 0 0 4.21 2.24 0 0
0 0 0.149692 0 0 0 0 0 0 0 0
0 0 0.110945 0 0 0 0 0 0 0 0
0 0 0.0848514 0 0 0 0 0 0 0 0
0 0 0.0822107 0 0 0 0 0 0 0 0
0 0 0.0817589 0 0 0 0 0 0 0 0
0 0 0.054785 0 0 0 0 0 0 0 0
0 0 0.0848514 0 0 0 0 0 0 0 0
0 0 0.0822107 0 0 0 0 0 0 0 0
0 0 0.0817589 0 0 0 0 0 0 0 0
0 0 0.0549412 0 0 0 0 0 0 0 0
0 0 0.0853308 0 0 0 0 0 0 0 0
0 0 0.0822107 0 0 0 0 0 0 0 0
0 0 0.0817589 0 0 0 0 0 0 0 0
0 0 0.0545957 0 0 0 0 0 0 0 0
0 0 0.245074 0 0 0 0 0 0 0 0
0 0 0.243626 0 0 0 0 0 0 0 0
0 0 0.235253 0 0 0 0 0 0 0 0
0 0 0 0 0 0 0 0 0 0 0
0 0 0.0590087 0 0 0 0 0 0 0 0
0 0 0.0825095 0 0 0 0 0 0 0 0
0 0 0.137702 0 0 0 0 0 0 0 0
0 0 0.261417 0 0 0 0 0 0 0 0
0 0 0.140677 0 0 0 0 0 0 0 0
0 0 0.143894 0 0 0 0 0 0 0 0
0 0 0.176018 0 0 0 0 0 0 0 0
0 0 0.172073 0 0 0 0 0 0 0 0
0 0 0.174986 0 0 0 0 0 0 0 0
0 0 0.167093 0 0 0 0 0 0 0 0
0 0 0.127358 0 0 0 0 0 0 0 0
1 0 0.122507 0 0 0 0 10.26 6.23 100 0
0 0 0.0877743 0 0 0 0 0 0 0 0
0 0 0.0454729 0 0 0 0 0 0 0 0
0 0 0 0 0 0 0 0 0 0 0
0 0 0 0 0 0 0 0 0 0 0
0 0 0 0 0 0 0 0 0 0 0
0 0 0.116531 0 0 0 0 0 0 0 0
0 0 0.137284 0 0 0 0 0 0 0 0
0 0 0.125413 0 0 0 0 0 0 0 0
0 0 0.069963 0 0 0 0 0 0 0 0
0 0 0.189279 0 0 0 0 0 0 0 0
0 0 0.120548 0 0 0 0 0 0 0 0
0 0 0.103976 0 0 0 0 0 0 0 0
0 0 0.130208 0 0 0 0 0 0 0 0
0 0 0.140762 0 0 0 0 0 0 0 0
0 0 0.130564 0 0 0 0 0 0 0 0
0 0 0.316547 0 0 0 0 0 0 0 0
0 0 0.326599 0 0 0 0 0 0 0 0
0 0 0.137037 0 0 0 0 0 0 0 0
0 0 0.0888662 0 0 0 0 0 0 0 0
0 0 0.153034 0 0 0 0 0 0 0 0
0 0 0.178649 0 0 0 0 0 0 0 0
0 0 0.117029 0 0 0 0 0 0 0 0
0 0 0.0771794 0 0 0 0 0 0 0 0
0 0 0.0985603 0 0 0 0 0 0 0 0
0 0 0.137037 0 0 0 0 0 0 0 0
0 0 0.0888662 0 0 0 0 0 0 0 0
0 0 0.153034 0 0 0 0 0 0 0 0
0 0 0.178649 0 0 0 0 0 0 0 0
0 0 0.117029 0 0 0 0 0 0 0 0
0 0 0.0771794 0 0 0 0 0 0 0 0
0 0 0.0985603 0 0 0 0 0 0 0 0
0 0 0 0 0 0 0 0 0 0 0
0 0 0 0 0 0 0 0 0 0 0
0 0 0.186603 0 0 0 0 0 0 0 0
0 0 0.107417 0 0 0 0 0 0 0 0
0 0 0.0794097 0 0 0 0 0 0 0 0
0 0 0.158807 0 0 0 0 0 0 0 0
0 0 0.124171 0 0 0 0 0 0 0 0
0 0 0.0763736 0 0 0 0 0 0 0 0
0 0 0.0695679 0 0 0 0 0 0 0 0
0 0 0.152288 0 0 0 0 0 0 0 0
0 0 0.124171 0 0 0 0 0 0 0 0
0 0 0.0285137 0 0 0 0 0 0 0 0
0 0 0.0750699 0 0 0 0 0 0 0 0
0 0 0.100037 0 0 0 0 0 0 0 0
0 0 0.133501 0 0 0 0 0 0 0 0
0 0 0.139276 0 0 0 0 0 0 0 0
0 0 0.0383107 0 0 0 0 0 0 0 0
0 0 0.0577903 0 0 0 0 0 0 0 0
0 0 0.074188 0 0 0 0 0 0 0 0
0 0 0.203419 0 0 0 0 0 0 0 0
0 0 0.0724972 0 0 0 0 0 0 0 0
0 0 0.0557793 0 0 0 0 0 0 0 0
0 0 0.154616 0 0 0 0 0 0 0 0
0 0 0.0547798 0 0 0 0 0 0 0 0
0 0 0.266082 0 0 0 0 0 0 0 0
0 0 0 0 0 0 0 0 0 0 0
0 0 0 0 0 0 0 0 0 0 0
0 0 0 0 0 0 0 0 0 0 0
0 0 0.157602 0 0 0 0 0 0 0 0
0 0 0 0 0 0 0 0 0 0 0
0 0 0 0 0 0 0 0 0 0 0
0 0 0.0287993 0 0 0 0 0 0 0 0
0 0 0.132436 0 0 0 0 0 0 0 0
0 0 0.0883392 0 0 0 0 0 0 0 0
0 0 0.144118 0 0 0 0 0 0 0 0
0 0 0.037577 0 0 0 0 0 0 0 0
0 0 0.048221 0 0 0 0 0 0 0 0
0 0 0.0651649 0 0 0 0 0 0 0 0
0 0 0.153061 0 0 0 0 0 0 0 0
0 0 0.182077 0 0 0 0 0 0 0 0
0 0 0.0290625 0 0 0 0 0 0 0 0
0 0 0.162617 0 0 0 0 0 0 0 0
0 0 0.0937198 0 0 0 0 0 0 0 0
0 0 0.18254 0 0 0 0 0 0 0 0
0 0 0.153025 0 0 0 0 0 0 0 0
0 0 0.0594702 0 0 0 0 0 0 0 0
0 0 0.112299 0 0 0 0 0 0 0 0
0 0 0.0736227 0 0 0 0 0 0 0 0
0 0 0.109122 0 0 0 0 0 0 0 0
0 0 0 0 0 0 0 0 0 0 0
0 0 0.167802 0 0 0 0 0 0 0 0
0 0 0.202322 0 0 0 0 0 0 0 0
0 0 0.154671 0 0 0 0 0 0 0 0
0 0 0.158815 0 0 0 0 0 0 0 0
0 0 0.0943396 0 0 0 0 0 0 0 0
0 0 0.0713552 0 0 0 0 0 0 0 0
0 0 0.25897 0 0 0 0 0 0 0 0
0 0 0.184915 0 0 0 0 0 0 0 0
0 0 0 0 0 0 0 0 0 0 0
0 0 0 0 0 0 0 0 0 0 0
0 0 0 0 0 0 0 0 0 0 0
0 0 0.146401 0 0 0 0 0 0 0 0
0 0 0.243391 0 0 0 0 0 0 0 0
0 0 0 0 0 0 0 0 0 0 0
0 0 0.242704 0 0 0 0 0 0 0 0
0 0 0.342246 0 0 0 0 0 0 0 0
0 0 0.0745968 0 0 0 0 0 0 0 0
0 0 0.0630422 0 0 0 0 0 0 0 0
0 0 0.0448663 0 0 0 0 0 0 0 0
0 0 0.175658 0 0 0 0 0 0 0 0
0 0 0.127193 0 0 0 0 0 0 0 0
0 0 0.174479 0 0 0 0 0 0 0 0
0 0 0.146426 0 0 0 0 0 0 0 0
0 0 0.0291345 0 0 0 0 0 0 0 0
0 0 0.0268483 0 0 0 0 0 0 0 0
0 0 0.137582 0 0 0 0 0 0 0 0
0 0 0.0254753 0 0 0 0 0 0 0 0
0 0 0.0320487 0 0 0 0 0 0 0 0
0 0 0.122479 0 0 0 0 0 0 0 0
0 0 0.0889308 0 0 0 0 0 0 0 0
0 0 0.0979021 0 0 0 0 0 0 0 0
0 0 0.0525556 0 0 0 0 0 0 0 0
0 0 0.122414 0 0 0 0 0 0 0 0
0 0 0.216504 0 0 0 0 0 0 0 0
0 0 0.140179 0 0 0 0 0 0 0 0
0 0 0.0898177 0 0 0 0 0 0 0 0
0 0 0.045168 0 0 0 0 0 0 0 0
0 0 0.0433688 0 0 0 0 0 0 0 0
0 0 0.217672 0 0 0 0 0 0 0 0
0 0 0.075 0 0 0 0 0 0 0 0
0 0 0.255319 0 0 0 0 0 0 0 0
0 0 0.210591 0 0 0 0 0 0 0 0
0 0 0.149586 0 0 0 0 0 0 0 0
0 0 0.257042 0 0 0 0 0 0 0 0
0 0 0.217672 0 0 0 0 0 0 0 0
0 0 0.0760638 0 0 0 0 0 0 0 0
0 0 0.255319 0 0 0 0 0 0 0 0
0 0 0.210591 0 0 0 0 0 0 0 0
0 0 0.149962 0 0 0 0 0 0 0 0
0 0 0.257042 0 0 0 0 0 0 0 0
0 0 0.190232 0 0 0 0 0 0 0 0
1 0 0.217672 0 0 0 0 7.13 4.36 100 0
0 0 0.075 0 0 0 0 0 0 0 0
0 0 0.255319 0 0 0 0 0 0 0 0
0 0 0.210285 0 0 0 0 0 0 0 0
0 0 0.149586 0 0 0 0 0 0 0 0
0 0 0.257042 0 0 0 0 0 0 0 0
0 0 0 0 0 0 0 0 0 0 0
0 0 0.188947 0 0 0 0 0 0 0 0
0 0 0.0554224 0 0 0 0 0 0 0 0
0 0 0.106986 0 0 0 0 0 0 0 0
0 0 0 0 0 0 0 0 0 0 0
0 0 0 0 0 0 0 0 0 0 0
0 0 0 0 0 0 0 0 0 0 0
0 0 0 0 0 0 0 0 0 0 0
0 0 0 0 0 0 0 0 0 0 0
0 0 0 0 0 0 0 0 0 0 0
0 0 0 0 0 0 0 0 0 0 0
0 0 0 0 0 0 0 0 0 0 0
0 0 0 0 0 0 0 0 0 0 0
0 0 0 0 0 0 0 0 0 0 0
0 0 0 0 0 0 0 0 0 0 0
0 0 0.157227 0 0 0 0 0 0 0 0
0 0 0.0560651 0 0 0 0 0 0 0 0
0 0 0 0 0 0 0 0 0 0 0
0 0 0 0 0 0 0 0 0 0 0
0 0 0 0 0 0 0 0 0 0 0
0 0 0.215879 0 0 0 0 0 0 0 0
0 0 0.153027 0 0 0 0 0 0 0 0
0 0 0 0 0 0 0 0 0 0 0
0 0 0.156774 0 0 0 0 0 0 0 0
0 0 0.0946934 0 0 0 0 0 0 0 0
0 0 0.102781 0 0 0 0 0 0 0 0
0 0 0.0799087 0 0 0 0 0 0 0 0
0 0 0.283218 0 0 0 0 0 0 0 0
0 0 0.133265 0 0 0 0 0 0 0 0
0 0 0 0 0 0 0 0 0 0 0
0 0 0.1893 0 0 0 0 0 0 0 0
0 0 0.2118 0 0 0 0 0 0 0 0
0 0 0.191057 0 0 0 0 0 0 0 0
0 0 0.084989 0 0 0 0 0 0 0 0
0 0 0.0988172 0 0 0 0 0 0 0 0
0 0 0.114899 0 0 0 0 0 0 0 0
0 0 0.109582 0 0 0 0 0 0 0 0
0 0 0.0452403 0 0 0 0 0 0 0 0
0 0 0.1875 0 0 0 0 0 0 0 0
0 0 0 0 0 0 0 0 0 0 0
0 0 0.218368 0 0 0 0 0 0 0 0
0 0 0 0 0 0 0 0 0 0 0
0 0 0.217391 0 0 0 0 0 0 0 0
0 0 0.032638 0 0 0 0 0 0 0 0
1 0 0.0700809 0 0 0 0 8.97 4.9 100 0
0 0 0.129741 0 0 0 0 0 0 0 0
0 0 0.123956 0 0 0 0 0 0 0 0
0 0 0.147009 0 0 0 0 0 0 0 0
0 0 0.189437 0 0 0 0 0 0 0 0
0 0 0.0928177 0 0 0 0 0 0 0 0
0 0 0.0641956 0 0 0 0 0 0 0 0
0 0 0.260175 0 0 0 0 0 0 0 0
0 0 0.202544 0 0 0 0 0 0 0 0
0 0 0.118156 0 0 0 0 0 0 0 0
0 0 0.234211 0 0 0 0 0 0 0 0
0 0 0.171644 0 0 0 0 0 0 0 0
0 0 0.0579008 0 0 0 0 0 0 0 0
0 0 0.179191 0 0 0 0 0 0 0 0
0 0 0 0 0 0 0 0 0 0 0
0 0 0 0 0 0 0 0 0 0 0
0 0 0 0 0 0 0 0 0 0 0
0 0 0 0 0 0 0 0 0 0 0
0 0 0.15429 0 0 0 0 0 0 0 0
0 0 0.105553 0 0 0 0 0 0 0 0
0 0 0.142688 0 0 0 0 0 0 0 0
0 0 0.0780781 0 0 0 0 0 0 0 0
0 0 0.167897 0 0 0 0 0 0 0 0
1 0 0.137787 0 0 0 0 9.54 5.43 100 0
1 1 0.0777778 0 0 0 0 10.18 6.1 100 0
0 0 0.196743 0 0 0 0 0 0 0 0
0 0 0.0954576 0 0 0 0 0 0 0 0
0 0 0 0 0 0 0 0 0 0 0
0 0 0 0 0 0 0 0 0 0 0
0 0 0 0 0 0 0 0 0 0 0
0 0 0 0 0 0 0 0 0 0 0
0 0 0 0 0 0 0 0 0 0 0
0 0 0.17283 0 0 0 0 0 0 0 0
0 0 0.0501215 0 0 0 0 0 0 0 0
0 0 0.106036 0 0 0 0 0 0 0 0
0 0 0.0840237 0 0 0 0 0 0 0 0
0 0 0.107554 0 0 0 0 0 0 0 0
0 0 0.150075 0 0 0 0 0 0 0 0
1 1 0.117825 0 0 0 0 3.54 1.96 100 0
0 0 0.0416389 0 0 0 0 0 0 0 0
0 0 0.0147524 0 0 0 0 0 0 0 0
0 0 0.116601 0 0 0 0 0 0 0 0
0 0 0.124679 0 0 0 0 0 0 0 0
0 0 0.11707 0 0 0 0 0 0 0 0
0 0 0 0 0 0 0 0 0 0 0
0 0 0.124953 0 0 0 0 0 0 0 0
0 0 0.16547 0 0 0 0 0 0 0 0
0 0 0 0 0 0 0 0 0 0 0
0 0 0 0 0 0 0 0 0 0 0
0 0 0 0 0 0 0 0 0 0 0
0 0 0 0 0 0 0 0 0 0 0
0 0 0 0 0 0 0 0 0 0 0
0 0 0.227738 0 0 0 0 0 0 0 0
0 0 0.0630931 0 0 0 0 0 0 0 0
0 0 0.0839387 0 0 0 0 0 0 0 0
0 0 0.13276 0 0 0 0 0 0 0 0
0 0 0.14011 0 0 0 0 0 0 0 0
1 1 0.0875 0 0 0 0 14.66 9.47 100 0
1 1 0.136232 0 0 0 0 17.97 12.12 100 0
1 1 0.103976 0 0 0 0 14.66 9.47 100 0
1 1 0.0875 0 0 0 0 14.66 9.47 100 0
1 1 0.136232 0 0 0 0 17.97 12.12 100 0
1 1 0.0815047 0 0 0 0 14.67 9.47 100 0
1 1 0.0984615 0 0 0 0 14.7 9.47 100 0
0 0 0.176688 0 0 0 0 0 0 0 0
0 0 0.260204 0 0 0 0 0 0 0 0
0 0 0.124378 0 0 0 0 0 0 0 0
0 0 0.388005 0 0 0 0 0 0 0 0
0 0 0 0 0 0 0 0 0 0 0
0 0 0 0 0 0 0 0 0 0 0
0 0 0 0 0 0 0 0 0 0 0
0 0 0 0 0 0 0 0 0 0 0
0 0 0 0 0 0 0 0 0 0 0
0 0 0 0 0 0 0 0 0 0 0
0 0 0 0 0 0 0 0 0 0 0
0 0 0 0 0 0 0 0 0 0 0
0 0 0 0 0 0 0 0 0 0 0
0 0 0.226125 0 0 0 0 0 0 0 0
0 0 0.222346 0 0 0 0 0 0 0 0
0 0 0.219348 0 0 0 0 0 0 0 0
0 0 0.222717 0 0 0 0 0 0 0 0
0 0 0.222474 0 0 0 0 0 0 0 0
0 0 0.224099 0 0 0 0 0 0 0 0
0 0 0.224352 0 0 0 0 0 0 0 0
0 0 0.187998 0 0 0 0 0 0 0 0
0 0 0.184379 0 0 0 0 0 0 0 0
0 0 0.137321 0 0 0 0 0 0 0 0
0 0 0.135294 0 0 0 0 0 0 0 0
0 0 0.187461 0 0 0 0 0 0 0 0
0 0 0.213613 0 0 0 0 0 0 0 0
0 0 0.212179 0 0 0 0 0 0 0 0
0 0 0.211238 0 0 0 0 0 0 0 0
0 0 0.244804 0 0 0 0 0 0 0 0
0 0 0 0 0 0 0 0 0 0 0
0 0 0.145011 0 0 0 0 0 0 0 0
0 0 0.22061 0 0 0 0 0 0 0 0
0 0 0.201913 0 0 0 0 0 0 0 0
0 0 0.249577 0 0 0 0 0 0 0 0
0 0 0.167939 0 0 0 0 0 0 0 0
0 0 0.126372 0 0 0 0 0 0 0 0
0 0 0.163495 0 0 0 0 0 0 0 0
0 0 0.113835 0 0 0 0 0 0 0 0
0 0 0.10274 0 0 0 0 0 0 0 0
0 0 0.139697 0 0 0 0 0 0 0 0
0 0 0.108468 0 0 0 0 0 0 0 0
0 0 0.152522 0 0 0 0 0 0 0 0
0 0 0.11055 0 0 0 0 0 0 0 0
0 0 0.202267 0 0 0 0 0 0 0 0
0 0 0 0 0 0 0 0 0 0 0
0 0 0 0 0 0 0 0 0 0 0
0 0 0 0 0 0 0 0 0 0 0
0 0 0.165456 0 0 0 0 0 0 0 0
0 0 0.0874138 0 0 0 0 0 0 0 0
0 0 0 0 0 0 0 0 0 0 0
0 0 0.178123 0 0 0 0 0 0 0 0
0 0 0.185453 0 0 0 0 0 0 0 0
0 0 0.20445 0 0 0 0 0 0 0 0
0 0 0.167669 0 0 0 0 0 0 0 0
0 0 0.143121 0 0 0 0 0 0 0 0
0 0 0.160874 0 0 0 0 0 0 0 0
0 0 0.191586 0 0 0 0 0 0 0 0
0 0 0 0 0 0 0 0 0 0 0
0 0 0.272379 0 0 0 0 0 0 0 0
0 0 0.120391 0 0 0 0 0 0 0 0
0 0 0.144801 0 0 0 0 0 0 0 0
0 0 0.13159 0 0 0 0 0 0 0 0
0 0 0 0 0 0 0 0 0 0 0
0 0 0.0543478 0 0 0 0 0 0 0 0
0 0 0.0843602 0 0 0 0 0 0 0 0
0 0 0.0429616 0 0 0 0 0 0 0 0
0 0 0.198187 0 0 0 0 0 0 0 0
0 0 0.0563893 0 0 0 0 0 0 0 0
1 0 0.186306 0 0 0 0 9.75 5.59 88.89 0
0 0 0.0471687 0 0 0 0 0 0 0 0
1 0 0.181818 0 0 0 0 14 8.87 100 0
1 0 0.187898 0 0 0 0 9.7 5.56 88.89 0
1 0 0.172249 0 0 0 0 13.61 8.52 100 0
0 0 0.0214002 0 0 0 0 0 0 0 0
0 0 0.139241 0 0 0 0 0 0 0 0
1 0 0.181818 0 0 0 0 14 8.87 100 0
1 1 0.185693 0 0 0 0 4.84 3.08 100 0
0 0 0.0707483 0 0 0 0 0 0 0 0
0 0 0.0762125 0 0 0 0 0 0 0 0
0 0 0.0410095 0 0 0 0 0 0 0 0
1 0 0.493746 0 0 0 0 0 0 0 0
0 0 0.0970199 0 0 0 0 0 0 0 0
0 0 0.142597 0 0 0 0 0 0 0 0
1 0 0.115942 0 0 0 0 13.64 8.47 100 0
1 0 0.49196 0 0 0 0 0 0 0 0
0 0 0.0971511 0 0 0 0 0 0 0 0
0 0 0.140154 0 0 0 0 0 0 0 0
1 0 0.115942 0 0 0 0 11.57 6.82 100 0
0 0 0.0830398 0 0 0 0 0 0 0 0
0 0 0.0581633 0 0 0 0 0 0 0 0
0 0 0.202513 0 0 0 0 0 0 0 0
0 0 0.257833 0 0 0 0 0 0 0 0
0 0 0.173233 0 0 0 0 0 0 0 0
1 0 0.491364 0 0 0 0 0 0 0 0
0 0 0.0970836 0 0 0 0 0 0 0 0
0 0 0.140154 0 0 0 0 0 0 0 0
1 0 0.115942 0 0 0 0 11.57 6.82 100 0
0 0 0.0832075 0 0 0 0 0 0 0 0
0 0 0.0581633 0 0 0 0 0 0 0 0
0 0 0.196566 0 0 0 0 0 0 0 0
0 0 0.257833 0 0 0 0 0 0 0 0
0 0 0.172654 0 0 0 0 0 0 0 0
1 0 0.491364 0 0 0 0 0 0 0 0
0 0 0.0970199 0 0 0 0 0 0 0 0
0 0 0.14077 0 0 0 0 0 0 0 0
1 0 0.115942 0 0 0 0 11.54 6.8 100 0
0 0 0.0830398 0 0 0 0 0 0 0 0
0 0 0.0581633 0 0 0 0 0 0 0 0
0 0 0.202666 0 0 0 0 0 0 0 0
0 0 0.257833 0 0 0 0 0 0 0 0
0 0 0.173233 0 0 0 0 0 0 0 0
0 0 0.238376 0 0 0 0 0 0 0 0
0 0 0 0 0 0 0 0 0 0 0
0 0 0.126707 0 0 0 0 0 0 0 0
0 0 0.096527 0 0 0 0 0 0 0 0
0 0 0.0671642 0 0 0 0 0 0 0 0
1 1 0.158177 0 0 0 0 8.2 5.15 100 0
0 0 0.0605192 0 0 0 0 0 0 0 0
0 0 0.119298 0 0 0 0 0 0 0 0
0 0 0.0806046 0 0 0 0 0 0 0 0
0 0 0.142457 0 0 0 0 0 0 0 0
0 0 0.142547 0 0 0 0 0 0 0 0
0 0 0.205761 0 0 0 0 0 0 0 0
0 0 0.229921 0 0 0 0 0 0 0 0
0 0 0.229921 0 0 0 0 0 0 0 0
1 0 0.121622 0 0 0 0 15.75 11.72 100 0
0 0 0 0 0 0 0 0 0 0 0
0 0 0 0 0 0 0 0 0 0 0
0 0 0.0484603 0 0 0 0 0 0 0 0
0 0 0.21319 0 0 0 0 0 0 0 0
0 0 0.26521 0 0 0 0 0 0 0 0
0 0 0.167844 0 0 0 0 0 0 0 0
1 1 0.139276 0 0 0 0 15.33 9.81 100 0
1 1 0.125698 0 0 0 0 15.33 9.81 100 0
0 0 0.107417 0 0 0 0 0 0 0 0
0 0 0.0794097 0 0 0 0 0 0 0 0
0 0 0.158807 0 0 0 0 0 0 0 0
0 0 0.124171 0 0 0 0 0 0 0 0
0 0 0.0763736 0 0 0 0 0 0 0 0
0 0 0.0692614 0 0 0 0 0 0 0 0
0 0 0.152614 0 0 0 0 0 0 0 0
0 0 0.124171 0 0 0 0 0 0 0 0
0 0 0.192744 0 0 0 0 0 0 0 0
1 1 0.195499 0 0 0 0 10.13 5.61 100 0
1 0 0.265044 0 0 0 0 0 0 0 0
0 0 0 0 0 0 0 0 0 0 0
0 0 0 0 0 0 0 0 0 0 0
0 0 0 0 0 0 0 0 0 0 0
0 0 0 0 0 0 0 0 0 0 0
0 0 0 0 0 0 0 0 0 0 0
0 0 0 0 0 0 0 0 0 0 0
0 0 0 0 0 0 0 0 0 0 0
0 0 0 0 0 0 0 0 0 0 0
0 0 0.0953289 0 0 0 0 0 0 0 0
0 0 0.102781 0 0 0 0 0 0 0 0
0 0 0.0799087 0 0 0 0 0 0 0 0
0 0 0 0 0 0 0 0 0 0 0
0 0 0.291909 0 0 0 0 0 0 0 0
0 0 0.110929 0 0 0 0 0 0 0 0
0 0 0 0 0 0 0 0 0 0 0
0 0 0.21755 0 0 0 0 0 0 0 0
0 0 0.148064 0 0 0 0 0 0 0 0
0 0 0.196477 0 0 0 0 0 0 0 0
0 0 0.0772627 0 0 0 0 0 0 0 0
0 0 0.0777864 0 0 0 0 0 0 0 0
0 0 0.114458 0 0 0 0 0 0 0 0
0 0 0.103759 0 0 0 0 0 0 0 0
0 0 0.0452403 0 0 0 0 0 0 0 0
0 0 0 0 0 0 0 0 0 0 0
0 0 0.0909365 0 0 0 0 0 0 0 0
0 0 0.102781 0 0 0 0 0 0 0 0
0 0 0.0799087 0 0 0 0 0 0 0 0
0 0 0 0 0 0 0 0 0 0 0
0 0 0.291909 0 0 0 0 0 0 0 0
0 0 0.111365 0 0 0 0 0 0 0 0
0 0 0 0 0 0 0 0 0 0 0
0 0 0.21755 0 0 0 0 0 0 0 0
0 0 0.148064 0 0 0 0 0 0 0 0
0 0 0.196477 0 0 0 0 0 0 0 0
0 0 0.0772627 0 0 0 0 0 0 0 0
0 0 0.0777864 0 0 0 0 0 0 0 0
0 0 0.114853 0 0 0 0 0 0 0 0
0 0 0.101112 0 0 0 0 0 0 0 0
0 0 0.0452403 0 0 0 0 0 0 0 0
0 0 0 0 0 0 0 0 0 0 0
0 0 0.0912387 0 0 0 0 0 0 0 0
0 0 0.102781 0 0 0 0 0 0 0 0
0 0 0.0799087 0 0 0 0 0 0 0 0
0 0 0 0 0 0 0 0 0 0 0
0 0 0.292557 0 0 0 0 0 0 0 0
0 0 0.116995 0 0 0 0 0 0 0 0
0 0 0 0 0 0 0 0 0 0 0
0 0 0.21755 0 0 0 0 0 0 0 0
0 0 0.148064 0 0 0 0 0 0 0 0
0 0 0.196477 0 0 0 0 0 0 0 0
0 0 0.0772627 0 0 0 0 0 0 0 0
0 0 0.0777864 0 0 0 0 0 0 0 0
0 0 0.114458 0 0 0 0 0 0 0 0
0 0 0.104288 0 0 0 0 0 0 0 0
0 0 0.0452403 0 0 0 0 0 0 0 0
0 0 0 0 0 0 0 0 0 0 0
0 0 0.0950111 0 0 0 0 0 0 0 0
0 0 0.102378 0 0 0 0 0 0 0 0
0 0 0.0799087 0 0 0 0 0 0 0 0
0 0 0 0 0 0 0 0 0 0 0
0 0 0.291909 0 0 0 0 0 0 0 0
0 0 0.118691 0 0 0 0 0 0 0 0
0 0 0 0 0 0 0 0 0 0 0
0 0 0.21755 0 0 0 0 0 0 0 0
0 0 0.148064 0 0 0 0 0 0 0 0
0 0 0.196477 0 0 0 0 0 0 0 0
0 0 0.0772627 0 0 0 0 0 0 0 0
0 0 0.0777864 0 0 0 0 0 0 0 0
0 0 0.114559 0 0 0 0 0 0 0 0
0 0 0.100582 0 0 0 0 0 0 0 0
0 0 0.0452403 0 0 0 0 0 0 0 0
0 0 0 0 0 0 0 0 0 0 0
0 0 0 0 0 0 0 0 0 0 0
0 0 0 0 0 0 0 0 0 0 0
0 0 0.191981 0 0 0 0 0 0 0 0
0 0 0.341807 0 0 0 0 0 0 0 0
1 0 0.227431 0 0 0 0 14.35 9.99 87.88 0
1 1 0.213321 0 0 0 0 12.11 7.29 0 0
1 1 0.257028 0 0 0 0 12.85 8.2 84.62 0
0 0 0.127859 0 0 0 0 0 0 0 0
0 0 0.183983 0 0 0 0 0 0 0 0
1 1 0.314879 0 0 0 0 12.17 7.46 41.67 0
1 1 0.31746 0 0 0 0 11.55 7.08 66.67 0
0 0 0.270554 0 0 0 0 0 0 0 0
0 0 0.16358 0 0 0 0 0 0 0 0
0 0 0.207296 0 0 0 0 0 0 0 0
0 0 0.290495 0 0 0 0 0 0 0 0
0 0 0.175248 0 0 0 0 0 0 0 0
0 0 0.158282 0 0 0 0 0 0 0 0
0 0 0.190414 0 0 0 0 0 0 0 0
0 0 0.12424 0 0 0 0 0 0 0 0
0 0 0.134205 0 0 0 0 0 0 0 0
0 0 0.0763271 0 0 0 0 0 0 0 0
0 0 0.151188 0 0 0 0 0 0 0 0
0 0 0.295031 0 0 0 0 0 0 0 0
0 0 0.15236 0 0 0 0 0 0 0 0
0 0 0.29909 0 0 0 0 0 0 0 0
0 0 0.315126 0 0 0 0 0 0 0 0
0 0 0.137931 0 0 0 0 0 0 0 0
0 0 0.218391 0 0 0 0 0 0 0 0
0 0 0.16636 0 0 0 0 0 0 0 0
0 0 0.0363637 0 0 0 0 0 0 0 0
0 0 0.0344262 0 0 0 0 0 0 0 0
0 0 0.191981 0 0 0 0 0 0 0 0
0 0 0.341807 0 0 0 0 0 0 0 0
0 0 0.161642 0 0 0 0 0 0 0 0
1 1 0.213321 0 0 0 0 13.96 8.57 0 0
1 1 0.259358 0 0 0 0 14.82 9.65 84.62 0
0 0 0.130511 0 0 0 0 0 0 0 0
0 0 0.183983 0 0 0 0 0 0 0 0
1 1 0.314879 0 0 0 0 14.05 8.78 41.67 0
1 1 0.31746 0 0 0 0 13.33 8.33 66.67 0
1 1 0.100629 0 0 0 0 14.66 9.47 100 0
1 1 0.100629 0 0 0 0 14.66 9.47 0 0
0 0 0.0902595 0 0 0 0 0 0 0 0
0 0 0.0684248 0 0 0 0 0 0 0 0
0 0 0.166667 0 0 0 0 0 0 0 0
0 0 0 0 0 0 0 0 0 0 0
0 0 0.135135 0 0 0 0 0 0 0 0
0 0 0.0844867 0 0 0 0 0 0 0 0
0 0 0.0489642 0 0 0 0 0 0 0 0
0 0 0.259016 0 0 0 0 0 0 0 0
0 0 0.156595 0 0 0 0 0 0 0 0
0 0 0.214448 0 0 0 0 0 0 0 0
1 1 0.238434 0 0 0 0 7.47 5.29 82.35 0
0 0 0.159705 0 0 0 0 0 0 0 0
0 0 0.272025 0 0 0 0 0 0 0 0
0 0 0.242009 0 0 0 0 0 0 0 0
0 0 0.225256 0 0 0 0 0 0 0 0
0 0 0.219925 0 0 0 0 0 0 0 0
0 0 0.133101 0 0 0 0 0 0 0 0
0 0 0.213043 0 0 0 0 0 0 0 0
0 0 0.218143 0 0 0 0 0 0 0 0
0 0 0.218143 0 0 0 0 0 0 0 0
0 0 0.218143 0 0 0 0 0 0 0 0
0 0 0.210066 0 0 0 0 0 0 0 0
0 0 0.221505 0 0 0 0 0 0 0 0
0 0 0.226496 0 0 0 0 0 0 0 0
0 0 0.226496 0 0 0 0 0 0 0 0
0 0 0.226496 0 0 0 0 0 0 0 0
0 0 0.21645 0 0 0 0 0 0 0 0
0 0 0.216891 0 0 0 0 0 0 0 0
0 0 0.206759 0 0 0 0 0 0 0 0
0 0 0.171315 0 0 0 0 0 0 0 0
0 0 0.221519 0 0 0 0 0 0 0 0
0 0 0.166333 0 0 0 0 0 0 0 0
0 0 0.219873 0 0 0 0 0 0 0 0
0 0 0.162651 0 0 0 0 0 0 0 0
0 0 0.21322 0 0 0 0 0 0 0 0
0 0 0.159274 0 0 0 0 0 0 0 0
0 0 0.207877 0 0 0 0 0 0 0 0
0 0 0.191288 0 0 0 0 0 0 0 0
0 0 0.150515 0 0 0 0 0 0 0 0
0 0 0.158436 0 0 0 0 0 0 0 0
0 0 0.150206 0 0 0 0 0 0 0 0
0 0 0.213043 0 0 0 0 0 0 0 0
0 0 0.177353 0 0 0 0 0 0 0 0
0 0 0.0832365 0 0 0 0 0 0 0 0
0 0 0.0789235 0 0 0 0 0 0 0 0
0 0 0.110582 0 0 0 0 0 0 0 0
0 0 0.102311 0 0 0 0 0 0 0 0
0 0 0.199199 0 0 0 0 0 0 0 0
0 0 0.199658 0 0 0 0 0 0 0 0
0 0 0.246528 0 0 0 0 0 0 0 0
0 0 0.207075 0 0 0 0 0 0 0 0
0 0 0.052031 0 0 0 0 0 0 0 0
0 0 0.0845805 0 0 0 0 0 0 0 0
1 1 0.246617 0 0 0 0 11.16 6.96 100 0
0 0 0.0519956 0 0 0 0 0 0 0 0
0 0 0.0845805 0 0 0 0 0 0 0 0
1 1 0.246617 0 0 0 0 14.43 8.45 100 0
0 0 0.177353 0 0 0 0 0 0 0 0
0 0 0.0831994 0 0 0 0 0 0 0 0
0 0 0.0780176 0 0 0 0 0 0 0 0
0 0 0.110712 0 0 0 0 0 0 0 0
0 0 0.102131 0 0 0 0 0 0 0 0
0 0 0.200343 0 0 0 0 0 0 0 0
0 0 0.199658 0 0 0 0 0 0 0 0
0 0 0.246528 0 0 0 0 0 0 0 0
0 0 0.207938 0 0 0 0 0 0 0 0
0 0 0.052031 0 0 0 0 0 0 0 0
0 0 0.0846765 0 0 0 0 0 0 0 0
1 1 0.246617 0 0 0 0 11.16 6.96 100 0
0 0 0.129784 0 0 0 0 0 0 0 0
0 0 0.177353 0 0 0 0 0 0 0 0
0 0 0.0831026 0 0 0 0 0 0 0 0
0 0 0.0787744 0 0 0 0 0 0 0 0
0 0 0.110645 0 0 0 0 0 0 0 0
0 0 0.10214 0 0 0 0 0 0 0 0
0 0 0.199771 0 0 0 0 0 0 0 0
0 0 0.200228 0 0 0 0 0 0 0 0
0 0 0.246528 0 0 0 0 0 0 0 0
0 0 0.207938 0 0 0 0 0 0 0 0
0 0 0.0519956 0 0 0 0 0 0 0 0
0 0 0.0848073 0 0 0 0 0 0 0 0
1 1 0.246617 0 0 0 0 11.12 6.93 100 0
0 0 0.177353 0 0 0 0 0 0 0 0
0 0 0.0832678 0 0 0 0 0 0 0 0
0 0 0.0789584 0 0 0 0 0 0 0 0
0 0 0.110645 0 0 0 0 0 0 0 0
0 0 0.0996213 0 0 0 0 0 0 0 0
0 0 0.199771 0 0 0 0 0 0 0 0
0 0 0.200228 0 0 0 0 0 0 0 0
0 0 0.246528 0 0 0 0 0 0 0 0
0 0 0.207938 0 0 0 0 0 0 0 0
0 0 0.0519956 0 0 0 0 0 0 0 0
0 0 0.0845805 0 0 0 0 0 0 0 0
1 0 0.246617 0 0 0 0 0 0 0 0
0 0 0.0906698 0 0 0 0 0 0 0 0
0 0 0.0237041 0 0 0 0 0 0 0 0
0 0 0.201049 0 0 0 0 0 0 0 0
0 0 0.214226 0 0 0 0 0 0 0 0
0 0 0.195223 0 0 0 0 0 0 0 0
0 0 0.15661 0 0 0 0 0 0 0 0
0 0 0.217095 0 0 0 0 0 0 0 0
0 0 0.165333 0 0 0 0 0 0 0 0
0 0 0 0 0 0 0 0 0 0 0
0 0 0.220351 0 0 0 0 0 0 0 0
0 0 0.253687 0 0 0 0 0 0 0 0
0 0 0 0 0 0 0 0 0 0 0
0 0 0 0 0 0 0 0 0 0 0
0 0 0.235233 0 0 0 0 0 0 0 0
0 0 0 0 0 0 0 0 0 0 0
0 0 0.33137 0 0 0 0 0 0 0 0
0 0 0.302518 0 0 0 0 0 0 0 0
0 0 0.309992 0 0 0 0 0 0 0 0
0 0 0.327532 0 0 0 0 0 0 0 0
0 0 0.306491 0 0 0 0 0 0 0 0
0 0 0.288129 0 0 0 0 0 0 0 0
0 0 0.35113 0 0 0 0 0 0 0 0
0 0 0.287763 0 0 0 0 0 0 0 0
0 0 0.338925 0 0 0 0 0 0 0 0
1 0 0.126126 0 0 0 0 3.94 2.05 100 0
0 0 0.0856501 0 0 0 0 0 0 0 0
0 0 0.199434 0 0 0 0 0 0 0 0
0 0 0.157837 0 0 0 0 0 0 0 0
0 0 0.217095 0 0 0 0 0 0 0 0
0 0 0.165333 0 0 0 0 0 0 0 0
0 0 0 0 0 0 0 0 0 0 0
0 0 0.220351 0 0 0 0 0 0 0 0
0 0 0.252704 0 0 0 0 0 0 0 0
0 0 0 0 0 0 0 0 0 0 0
0 0 0 0 0 0 0 0 0 0 0
0 0 0.2342 0 0 0 0 0 0 0 0
0 0 0 0 0 0 0 0 0 0 0
0 0 0.330192 0 0 0 0 0 0 0 0
0 0 0.302024 0 0 0 0 0 0 0 0
0 0 0.31054 0 0 0 0 0 0 0 0
0 0 0.328681 0 0 0 0 0 0 0 0
0 0 0.305532 0 0 0 0 0 0 0 0
0 0 0.284185 0 0 0 0 0 0 0 0
0 0 0.345763 0 0 0 0 0 0 0 0
0 0 0.286354 0 0 0 0 0 0 0 0
0 0 0.338765 0 0 0 0 0 0 0 0
0 0 0.126126 0 0 0 0 0 0 0 0
0 0 0.0855668 0 0 0 0 0 0 0 0
0 0 0.199434 0 0 0 0 0 0 0 0
0 0 0.156856 0 0 0 0 0 0 0 0
0 0 0.217852 0 0 0 0 0 0 0 0
0 0 0.165333 0 0 0 0 0 0 0 0
0 0 0 0 0 0 0 0 0 0 0
0 0 0.220351 0 0 0 0 0 0 0 0
0 0 0.252704 0 0 0 0 0 0 0 0
0 0 0 0 0 0 0 0 0 0 0
0 0 0 0 0 0 0 0 0 0 0
0 0 0.2342 0 0 0 0 0 0 0 0
0 0 0 0 0 0 0 0 0 0 0
0 0 0.330192 0 0 0 0 0 0 0 0
0 0 0.302024 0 0 0 0 0 0 0 0
0 0 0.309992 0 0 0 0 0 0 0 0
0 0 0.327004 0 0 0 0 0 0 0 0
0 0 0.305449 0 0 0 0 0 0 0 0
0 0 0.284076 0 0 0 0 0 0 0 0
0 0 0.34548 0 0 0 0 0 0 0 0
0 0 0.286056 0 0 0 0 0 0 0 0
0 0 0.338765 0 0 0 0 0 0 0 0
0 0 0.126126 0 0 0 0 0 0 0 0
0 0 0.0858998 0 0 0 0 0 0 0 0
0 0 0.195452 0 0 0 0 0 0 0 0
0 0 0.157101 0 0 0 0 0 0 0 0
0 0 0.217095 0 0 0 0 0 0 0 0
0 0 0.165333 0 0 0 0 0 0 0 0
0 0 0 0 0 0 0 0 0 0 0
0 0 0.220351 0 0 0 0 0 0 0 0
0 0 0.252704 0 0 0 0 0 0 0 0
0 0 0 0 0 0 0 0 0 0 0
0 0 0 0 0 0 0 0 0 0 0
0 0 0.234495 0 0 0 0 0 0 0 0
0 0 0 0 0 0 0 0 0 0 0
0 0 0.330192 0 0 0 0 0 0 0 0
0 0 0.302417 0 0 0 0 0 0 0 0
0 0 0.30714 0 0 0 0 0 0 0 0
0 0 0.328323 0 0 0 0 0 0 0 0
0 0 0.304929 0 0 0 0 0 0 0 0
0 0 0.284452 0 0 0 0 0 0 0 0
0 0 0.346045 0 0 0 0 0 0 0 0
0 0 0.286056 0 0 0 0 0 0 0 0
0 0 0.338765 0 0 0 0 0 0 0 0
0 0 0.126126 0 0 0 0 0 0 0 0
0 0 0.0857333 0 0 0 0 0 0 0 0
0 0 0.0971751 0 0 0 0 0 0 0 0
0 0 0.115349 0 0 0 0 0 0 0 0
0 0 0.194993 0 0 0 0 0 0 0 0
0 0 0.157591 0 0 0 0 0 0 0 0
0 0 0.217095 0 0 0 0 0 0 0 0
0 0 0.165333 0 0 0 0 0 0 0 0
0 0 0 0 0 0 0 0 0 0 0
0 0 0.219619 0 0 0 0 0 0 0 0
0 0 0.252704 0 0 0 0 0 0 0 0
0 0 0 0 0 0 0 0 0 0 0
0 0 0 0 0 0 0 0 0 0 0
0 0 0.2342 0 0 0 0 0 0 0 0
0 0 0 0 0 0 0 0 0 0 0
0 0 0.330192 0 0 0 0 0 0 0 0
0 0 0.301928 0 0 0 0 0 0 0 0
0 0 0.30714 0 0 0 0 0 0 0 0
0 0 0.328681 0 0 0 0 0 0 0 0
0 0 0.305449 0 0 0 0 0 0 0 0
0 0 0.284373 0 0 0 0 0 0 0 0
0 0 0.34548 0 0 0 0 0 0 0 0
0 0 0.285821 0 0 0 0 0 0 0 0
0 0 0.338765 0 0 0 0 0 0 0 0
0 0 0.126126 0 0 0 0 0 0 0 0
0 0 0.0857333 0 0 0 0 0 0 0 0
0 0 0.194993 0 0 0 0 0 0 0 0
0 0 0.157101 0 0 0 0 0 0 0 0
0 0 0.217852 0 0 0 0 0 0 0 0
0 0 0.165333 0 0 0 0 0 0 0 0
0 0 0 0 0 0 0 0 0 0 0
0 0 0.218887 0 0 0 0 0 0 0 0
0 0 0.252704 0 0 0 0 0 0 0 0
0 0 0 0 0 0 0 0 0 0 0
0 0 0 0 0 0 0 0 0 0 0
0 0 0.235661 0 0 0 0 0 0 0 0
0 0 0 0 0 0 0 0 0 0 0
0 0 0.330192 0 0 0 0 0 0 0 0
0 0 0.302124 0 0 0 0 0 0 0 0
0 0 0.307343 0 0 0 0 0 0 0 0
0 0 0.328059 0 0 0 0 0 0 0 0
0 0 0.304664 0 0 0 0 0 0 0 0
0 0 0.284373 0 0 0 0 0 0 0 0
0 0 0.34548 0 0 0 0 0 0 0 0
0 0 0.286205 0 0 0 0 0 0 0 0
0 0 0.338765 0 0 0 0 0 0 0 0
0 0 0.126126 0 0 0 0 0 0 0 0
0 0 0.0856501 0 0 0 0 0 0 0 0
0 0 0.195223 0 0 0 0 0 0 0 0
0 0 0.157591 0 0 0 0 0 0 0 0
0 0 0.217095 0 0 0 0 0 0 0 0
0 0 0.165333 0 0 0 0 0 0 0 0
0 0 0 0 0 0 0 0 0 0 0
0 0 0.219619 0 0 0 0 0 0 0 0
0 0 0.252704 0 0 0 0 0 0 0 0
0 0 0 0 0 0 0 0 0 0 0
0 0 0 0 0 0 0 0 0 0 0
0 0 0.234347 0 0 0 0 0 0 0 0
0 0 0 0 0 0 0 0 0 0 0
0 0 0.330192 0 0 0 0 0 0 0 0
0 0 0.302124 0 0 0 0 0 0 0 0
0 0 0.30714 0 0 0 0 0 0 0 0
0 0 0.328944 0 0 0 0 0 0 0 0
0 0 0.305449 0 0 0 0 0 0 0 0
0 0 0.28464 0 0 0 0 0 0 0 0
0 0 0.346045 0 0 0 0 0 0 0 0
0 0 0.285522 0 0 0 0 0 0 0 0
0 0 0.339194 0 0 0 0 0 0 0 0
0 0 0.126126 0 0 0 0 0 0 0 0
0 0 0.0857333 0 0 0 0 0 0 0 0
0 0 0.200142 0 0 0 0 0 0 0 0
0 0 0.157101 0 0 0 0 0 0 0 0
0 0 0.217095 0 0 0 0 0 0 0 0
0 0 0.165333 0 0 0 0 0 0 0 0
0 0 0 0 0 0 0 0 0 0 0
0 0 0.219619 0 0 0 0 0 0 0 0
0 0 0.252704 0 0 0 0 0 0 0 0
0 0 0 0 0 0 0 0 0 0 0
0 0 0 0 0 0 0 0 0 0 0
0 0 0.235958 0 0 0 0 0 0 0 0
0 0 0 0 0 0 0 0 0 0 0
0 0 0.330192 0 0 0 0 0 0 0 0
0 0 0.30222 0 0 0 0 0 0 0 0
0 0 0.306964 0 0 0 0 0 0 0 0
0 0 0.328944 0 0 0 0 0 0 0 0
0 0 0.304838 0 0 0 0 0 0 0 0
0 0 0.28464 0 0 0 0 0 0 0 0
0 0 0.345763 0 0 0 0 0 0 0 0
0 0 0.286568 0 0 0 0 0 0 0 0
0 0 0.338765 0 0 0 0 0 0 0 0
0 0 0.126126 0 0 0 0 0 0 0 0
0 0 0.0858166 0 0 0 0 0 0 0 0
0 0 0.123804 0 0 0 0 0 0 0 0
0 0 0.200614 0 0 0 0 0 0 0 0
0 0 0.157223 0 0 0 0 0 0 0 0
0 0 0.217095 0 0 0 0 0 0 0 0
0 0 0.165333 0 0 0 0 0 0 0 0
0 0 0 0 0 0 0 0 0 0 0
0 0 0.219619 0 0 0 0 0 0 0 0
0 0 0.252704 0 0 0 0 0 0 0 0
0 0 0 0 0 0 0 0 0 0 0
0 0 0 0 0 0 0 0 0 0 0
0 0 0.234347 0 0 0 0 0 0 0 0
0 0 0 0 0 0 0 0 0 0 0
0 0 0.330978 0 0 0 0 0 0 0 0
0 0 0.302024 0 0 0 0 0 0 0 0
0 0 0.30714 0 0 0 0 0 0 0 0
0 0 0.328681 0 0 0 0 0 0 0 0
0 0 0.304755 0 0 0 0 0 0 0 0
0 0 0.284076 0 0 0 0 0 0 0 0
0 0 0.345763 0 0 0 0 0 0 0 0
0 0 0.286802 0 0 0 0 0 0 0 0
0 0 0.339194 0 0 0 0 0 0 0 0
0 0 0.126126 0 0 0 0 0 0 0 0
0 0 0.0856501 0 0 0 0 0 0 0 0
0 0 0.124074 0 0 0 0 0 0 0 0
0 0 0.199198 0 0 0 0 0 0 0 0
0 0 0.157223 0 0 0 0 0 0 0 0
0 0 0.217852 0 0 0 0 0 0 0 0
0 0 0.165333 0 0 0 0 0 0 0 0
0 0 0 0 0 0 0 0 0 0 0
0 0 0.220351 0 0 0 0 0 0 0 0
0 0 0.252704 0 0 0 0 0 0 0 0
0 0 0 0 0 0 0 0 0 0 0
0 0 0 0 0 0 0 0 0 0 0
0 0 0.234347 0 0 0 0 0 0 0 0
0 0 0 0 0 0 0 0 0 0 0
0 0 0.330192 0 0 0 0 0 0 0 0
0 0 0.302321 0 0 0 0 0 0 0 0
0 0 0.306964 0 0 0 0 0 0 0 0
0 0 0.328059 0 0 0 0 0 0 0 0
0 0 0.304318 0 0 0 0 0 0 0 0
0 0 0.284185 0 0 0 0 0 0 0 0
0 0 0.34548 0 0 0 0 0 0 0 0
0 0 0.286056 0 0 0 0 0 0 0 0
0 0 0.338765 0 0 0 0 0 0 0 0
0 0 0.126126 0 0 0 0 0 0 0 0
0 0 0.0858166 0 0 0 0 0 0 0 0
0 0 0.195223 0 0 0 0 0 0 0 0
0 0 0.157223 0 0 0 0 0 0 0 0
0 0 0.217095 0 0 0 0 0 0 0 0
0 0 0.165333 0 0 0 0 0 0 0 0
0 0 0 0 0 0 0 0 0 0 0
0 0 0.219619 0 0 0 0 0 0 0 0
0 0 0.251721 0 0 0 0 0 0 0 0
0 0 0 0 0 0 0 0 0 0 0
0 0 0 0 0 0 0 0 0 0 0
0 0 0.235661 0 0 0 0 0 0 0 0
0 0 0 0 0 0 0 0 0 0 0
0 0 0.330192 0 0 0 0 0 0 0 0
0 0 0.301827 0 0 0 0 0 0 0 0
0 0 0.306964 0 0 0 0 0 0 0 0
0 0 0.328944 0 0 0 0 0 0 0 0
0 0 0.305102 0 0 0 0 0 0 0 0
0 0 0.284373 0 0 0 0 0 0 0 0
0 0 0.34548 0 0 0 0 0 0 0 0
0 0 0.286419 0 0 0 0 0 0 0 0
0 0 0.338179 0 0 0 0 0 0 0 0
0 0 0.126126 0 0 0 0 0 0 0 0
0 0 0.0857333 0 0 0 0 0 0 0 0
0 0 0.195223 0 0 0 0 0 0 0 0
0 0 0.156978 0 0 0 0 0 0 0 0
0 0 0.217095 0 0 0 0 0 0 0 0
0 0 0.165333 0 0 0 0 0 0 0 0
0 0 0 0 0 0 0 0 0 0 0
0 0 0.221083 0 0 0 0 0 0 0 0
0 0 0.251721 0 0 0 0 0 0 0 0
0 0 0 0 0 0 0 0 0 0 0
0 0 0 0 0 0 0 0 0 0 0
0 0 0.235215 0 0 0 0 0 0 0 0
0 0 0 0 0 0 0 0 0 0 0
0 0 0.328622 0 0 0 0 0 0 0 0
0 0 0.301827 0 0 0 0 0 0 0 0
0 0 0.30714 0 0 0 0 0 0 0 0
0 0 0.328059 0 0 0 0 0 0 0 0
0 0 0.305276 0 0 0 0 0 0 0 0
0 0 0.283888 0 0 0 0 0 0 0 0
0 0 0.344915 0 0 0 0 0 0 0 0
0 0 0.285522 0 0 0 0 0 0 0 0
0 0 0.338179 0 0 0 0 0 0 0 0
0 0 0.126126 0 0 0 0 0 0 0 0
0 0 0.0857333 0 0 0 0 0 0 0 0
0 0 0.195452 0 0 0 0 0 0 0 0
0 0 0.157837 0 0 0 0 0 0 0 0
0 0 0.217095 0 0 0 0 0 0 0 0
0 0 0.165333 0 0 0 0 0 0 0 0
0 0 0 0 0 0 0 0 0 0 0
0 0 0.219619 0 0 0 0 0 0 0 0
0 0 0.251721 0 0 0 0 0 0 0 0
0 0 0 0 0 0 0 0 0 0 0
0 0 0 0 0 0 0 0 0 0 0
0 0 0.235661 0 0 0 0 0 0 0 0
0 0 0 0 0 0 0 0 0 0 0
0 0 0.328622 0 0 0 0 0 0 0 0
0 0 0.302124 0 0 0 0 0 0 0 0
0 0 0.306964 0 0 0 0 0 0 0 0
0 0 0.329207 0 0 0 0 0 0 0 0
0 0 0.304929 0 0 0 0 0 0 0 0
0 0 0.284452 0 0 0 0 0 0 0 0
0 0 0.344915 0 0 0 0 0 0 0 0
0 0 0.28597 0 0 0 0 0 0 0 0
0 0 0.338179 0 0 0 0 0 0 0 0
0 0 0.126126 0 0 0 0 0 0 0 0
0 0 0.0857333 0 0 0 0 0 0 0 0
0 0 0.124074 0 0 0 0 0 0 0 0
0 0 0.199434 0 0 0 0 0 0 0 0
0 0 0.157101 0 0 0 0 0 0 0 0
0 0 0.217095 0 0 0 0 0 0 0 0
0 0 0.165333 0 0 0 0 0 0 0 0
0 0 0 0 0 0 0 0 0 0 0
0 0 0.221083 0 0 0 0 0 0 0 0
0 0 0.251721 0 0 0 0 0 0 0 0
0 0 0 0 0 0 0 0 0 0 0
0 0 0 0 0 0 0 0 0 0 0
0 0 0.2342 0 0 0 0 0 0 0 0
0 0 0 0 0 0 0 0 0 0 0
0 0 0.329407 0 0 0 0 0 0 0 0
0 0 0.302321 0 0 0 0 0 0 0 0
0 0 0.30714 0 0 0 0 0 0 0 0
0 0 0.328681 0 0 0 0 0 0 0 0
0 0 0.304838 0 0 0 0 0 0 0 0
0 0 0.283997 0 0 0 0 0 0 0 0
0 0 0.344633 0 0 0 0 0 0 0 0
0 0 0.285608 0 0 0 0 0 0 0 0
0 0 0.338179 0 0 0 0 0 0 0 0
0 0 0.126126 0 0 0 0 0 0 0 0
0 0 0.0857333 0 0 0 0 0 0 0 0
0 0 0.123804 0 0 0 0 0 0 0 0
0 0 0.194993 0 0 0 0 0 0 0 0
0 0 0.157346 0 0 0 0 0 0 0 0
0 0 0.217095 0 0 0 0 0 0 0 0
0 0 0.165333 0 0 0 0 0 0 0 0
0 0 0 0 0 0 0 0 0 0 0
0 0 0.219619 0 0 0 0 0 0 0 0
0 0 0.251721 0 0 0 0 0 0 0 0
0 0 0 0 0 0 0 0 0 0 0
0 0 0 0 0 0 0 0 0 0 0
0 0 0.234347 0 0 0 0 0 0 0 0
0 0 0 0 0 0 0 0 0 0 0
0 0 0.328622 0 0 0 0 0 0 0 0
0 0 0.302518 0 0 0 0 0 0 0 0
0 0 0.30714 0 0 0 0 0 0 0 0
0 0 0.328323 0 0 0 0 0 0 0 0
0 0 0.305185 0 0 0 0 0 0 0 0
0 0 0.283058 0 0 0 0 0 0 0 0
0 0 0.343503 0 0 0 0 0 0 0 0
0 0 0.286205 0 0 0 0 0 0 0 0
0 0 0.338179 0 0 0 0 0 0 0 0
0 0 0.126126 0 0 0 0 0 0 0 0
0 0 0.0856501 0 0 0 0 0 0 0 0
0 0 0.0858998 0 0 0 0 0 0 0 0
0 0 0.199434 0 0 0 0 0 0 0 0
0 0 0.157223 0 0 0 0 0 0 0 0
0 0 0.217095 0 0 0 0 0 0 0 0
0 0 0.165333 0 0 0 0 0 0 0 0
0 0 0 0 0 0 0 0 0 0 0
0 0 0.220351 0 0 0 0 0 0 0 0
0 0 0.251721 0 0 0 0 0 0 0 0
0 0 0 0 0 0 0 0 0 0 0
0 0 0 0 0 0 0 0 0 0 0
0 0 0.234052 0 0 0 0 0 0 0 0
0 0 0 0 0 0 0 0 0 0 0
0 0 0.328622 0 0 0 0 0 0 0 0
0 0 0.302024 0 0 0 0 0 0 0 0
0 0 0.306964 0 0 0 0 0 0 0 0
0 0 0.327532 0 0 0 0 0 0 0 0
0 0 0.304491 0 0 0 0 0 0 0 0
0 0 0.283246 0 0 0 0 0 0 0 0
0 0 0.344633 0 0 0 0 0 0 0 0
0 0 0.285522 0 0 0 0 0 0 0 0
0 0 0.338179 0 0 0 0 0 0 0 0
0 0 0.126126 0 0 0 0 0 0 0 0
0 0 0.0857333 0 0 0 0 0 0 0 0
0 0 0.199434 0 0 0 0 0 0 0 0
0 0 0.157101 0 0 0 0 0 0 0 0
0 0 0.217852 0 0 0 0 0 0 0 0
0 0 0.165333 0 0 0 0 0 0 0 0
0 0 0 0 0 0 0 0 0 0 0
0 0 0.219619 0 0 0 0 0 0 0 0
0 0 0.251721 0 0 0 0 0 0 0 0
0 0 0 0 0 0 0 0 0 0 0
0 0 0 0 0 0 0 0 0 0 0
0 0 0.234347 0 0 0 0 0 0 0 0
0 0 0 0 0 0 0 0 0 0 0
0 0 0.328622 0 0 0 0 0 0 0 0
0 0 0.30222 0 0 0 0 0 0 0 0
0 0 0.306964 0 0 0 0 0 0 0 0
0 0 0.328681 0 0 0 0 0 0 0 0
0 0 0.305449 0 0 0 0 0 0 0 0
0 0 0.282948 0 0 0 0 0 0 0 0
0 0 0.34435 0 0 0 0 0 0 0 0
0 0 0.286056 0 0 0 0 0 0 0 0
0 0 0.338606 0 0 0 0 0 0 0 0
0 0 0.126126 0 0 0 0 0 0 0 0
0 0 0.0856501 0 0 0 0 0 0 0 0
0 0 0.199198 0 0 0 0 0 0 0 0
0 0 0.157101 0 0 0 0 0 0 0 0
0 0 0.217095 0 0 0 0 0 0 0 0
0 0 0.165333 0 0 0 0 0 0 0 0
0 0 0 0 0 0 0 0 0 0 0
0 0 0.219619 0 0 0 0 0 0 0 0
0 0 0.251721 0 0 0 0 0 0 0 0
0 0 0 0 0 0 0 0 0 0 0
0 0 0 0 0 0 0 0 0 0 0
0 0 0.234052 0 0 0 0 0 0 0 0
0 0 0 0 0 0 0 0 0 0 0
0 0 0.328622 0 0 0 0 0 0 0 0
0 0 0.302321 0 0 0 0 0 0 0 0
0 0 0.307343 0 0 0 0 0 0 0 0
0 0 0.328681 0 0 0 0 0 0 0 0
0 0 0.305185 0 0 0 0 0 0 0 0
0 0 0.282384 0 0 0 0 0 0 0 0
0 0 0.34435 0 0 0 0 0 0 0 0
0 0 0.285074 0 0 0 0 0 0 0 0
0 0 0.338179 0 0 0 0 0 0 0 0
0 0 0.126126 0 0 0 0 0 0 0 0
0 0 0.0858166 0 0 0 0 0 0 0 0
0 0 0.194993 0 0 0 0 0 0 0 0
0 0 0.157101 0 0 0 0 0 0 0 0
0 0 0.217095 0 0 0 0 0 0 0 0
0 0 0.165333 0 0 0 0 0 0 0 0
0 0 0 0 0 0 0 0 0 0 0
0 0 0.220351 0 0 0 0 0 0 0 0
0 0 0.251721 0 0 0 0 0 0 0 0
0 0 0 0 0 0 0 0 0 0 0
0 0 0 0 0 0 0 0 0 0 0
0 0 0.235364 0 0 0 0 0 0 0 0
0 0 0 0 0 0 0 0 0 0 0
0 0 0.328622 0 0 0 0 0 0 0 0
0 0 0.302024 0 0 0 0 0 0 0 0
0 0 0.307343 0 0 0 0 0 0 0 0
0 0 0.328681 0 0 0 0 0 0 0 0
0 0 0.303971 0 0 0 0 0 0 0 0
0 0 0.28276 0 0 0 0 0 0 0 0
0 0 0.343785 0 0 0 0 0 0 0 0
0 0 0.285309 0 0 0 0 0 0 0 0
0 0 0.338179 0 0 0 0 0 0 0 0
0 0 0.126126 0 0 0 0 0 0 0 0
0 0 0.0856501 0 0 0 0 0 0 0 0
0 0 0.145334 0 0 0 0 0 0 0 0
0 0 0.187365 0 0 0 0 0 0 0 0
0 0 0.136558 0 0 0 0 0 0 0 0
0 0 0 0 0 0 0 0 0 0 0
0 0 0.0882503 0 0 0 0 0 0 0 0
0 0 0.128224 0 0 0 0 0 0 0 0
0 0 0.094085 0 0 0 0 0 0 0 0
0 0 0 0 0 0 0 0 0 0 0
0 0 0 0 0 0 0 0 0 0 0
0 0 0.177626 0 0 0 0 0 0 0 0
0 0 0.246283 0 0 0 0 0 0 0 0
0 0 0.184578 0 0 0 0 0 0 0 0
0 0 0.227356 0 0 0 0 0 0 0 0
0 0 0 0 0 0 0 0 0 0 0
0 0 0.0704337 0 0 0 0 0 0 0 0
0 0 0.0973883 0 0 0 0 0 0 0 0
0 0 0.214145 0 0 0 0 0 0 0 0
0 0 0.145275 0 0 0 0 0 0 0 0
0 0 0.18482 0 0 0 0 0 0 0 0
0 0 0.137009 0 0 0 0 0 0 0 0
0 0 0 0 0 0 0 0 0 0 0
0 0 0.0702894 0 0 0 0 0 0 0 0
0 0 0.0975073 0 0 0 0 0 0 0 0
0 0 0.214145 0 0 0 0 0 0 0 0
0 0 0 0 0 0 0 0 0 0 0
0 0 0.0894664 0 0 0 0 0 0 0 0
0 0 0.128224 0 0 0 0 0 0 0 0
0 0 0.093688 0 0 0 0 0 0 0 0
0 0 0 0 0 0 0 0 0 0 0
0 0 0 0 0 0 0 0 0 0 0
0 0 0 0 0 0 0 0 0 0 0
0 0 0 0 0 0 0 0 0 0 0
0 0 0 0 0 0 0 0 0 0 0
0 0 0.179039 0 0 0 0 0 0 0 0
0 0 0.244277 0 0 0 0 0 0 0 0
0 0 0.184337 0 0 0 0 0 0 0 0
0 0 0.225326 0 0 0 0 0 0 0 0
0 0 0.204188 0 0 0 0 0 0 0 0
0 0 0 0 0 0 0 0 0 0 0
0 0 0 0 0 0 0 0 0 0 0
0 0 0 0 0 0 0 0 0 0 0
0 0 0.1386 0 0 0 0 0 0 0 0
0 0 0 0 0 0 0 0 0 0 0
0 0 0 0 0 0 0 0 0 0 0
0 0 0 0 0 0 0 0 0 0 0
0 0 0 0 0 0 0 0 0 0 0
0 0 0.0416528 0 0 0 0 0 0 0 0
0 0 0 0 0 0 0 0 0 0 0
0 0 0 0 0 0 0 0 0 0 0
0 0 0 0 0 0 0 0 0 0 0
0 0 0.0737383 0 0 0 0 0 0 0 0
0 0 0.294083 0 0 0 0 0 0 0 0
0 0 0 0 0 0 0 0 0 0 0
0 0 0 0 0 0 0 0 0 0 0
0 0 0 0 0 0 0 0 0 0 0
0 0 0 0 0 0 0 0 0 0 0
0 0 0 0 0 0 0 0 0 0 0
0 0 0.1386 0 0 0 0 0 0 0 0
0 0 0 0 0 0 0 0 0 0 0
0 0 0 0 0 0 0 0 0 0 0
0 0 0 0 0 0 0 0 0 0 0
0 0 0 0 0 0 0 0 0 0 0
0 0 0.0416528 0 0 0 0 0 0 0 0
0 0 0 0 0 0 0 0 0 0 0
0 0 0 0 0 0 0 0 0 0 0
0 0 0 0 0 0 0 0 0 0 0
0 0 0.0737383 0 0 0 0 0 0 0 0
0 0 0.294083 0 0 0 0 0 0 0 0
0 0 0 0 0 0 0 0 0 0 0
0 0 0 0 0 0 0 0 0 0 0
0 0 0 0 0 0 0 0 0 0 0
0 0 0 0 0 0 0 0 0 0 0
0 0 0 0 0 0 0 0 0 0 0
0 0 0.1386 0 0 0 0 0 0 0 0
0 0 0 0 0 0 0 0 0 0 0
0 0 0 0 0 0 0 0 0 0 0
0 0 0 0 0 0 0 0 0 0 0
0 0 0 0 0 0 0 0 0 0 0
0 0 0.0416528 0 0 0 0 0 0 0 0
0 0 0 0 0 0 0 0 0 0 0
0 0 0 0 0 0 0 0 0 0 0
0 0 0 0 0 0 0 0 0 0 0
0 0 0.0731339 0 0 0 0 0 0 0 0
0 0 0.293986 0 0 0 0 0 0 0 0
0 0 0 0 0 0 0 0 0 0 0
0 0 0 0 0 0 0 0 0 0 0
0 0 0.180023 0 0 0 0 0 0 0 0
0 0 0 0 0 0 0 0 0 0 0
0 0 0.0550997 0 0 0 0 0 0 0 0
0 0 0 0 0 0 0 0 0 0 0
0 0 0 0 0 0 0 0 0 0 0
0 0 0 0 0 0 0 0 0 0 0
0 0 0 0 0 0 0 0 0 0 0
0 0 0 0 0 0 0 0 0 0 0
1 0 0.197775 0 0 0 0 15.18 9.55 100 0
0 0 0 0 0 0 0 0 0 0 0
0 0 0 0 0 0 0 0 0 0 0
0 0 0.0412148 0 0 0 0 0 0 0 0
0 0 0.0599312 0 0 0 0 0 0 0 0
0 0 0.144963 0 0 0 0 0 0 0 0
0 0 0.0367303 0 0 0 0 0 0 0 0
0 0 0.0367303 0 0 0 0 0 0 0 0
0 0 0.0367303 0 0 0 0 0 0 0 0
0 0 0 0 0 0 0 0 0 0 0
0 0 0 0 0 0 0 0 0 0 0
0 0 0 0 0 0 0 0 0 0 0
0 0 0 0 0 0 0 0 0 0 0
0 0 0 0 0 0 0 0 0 0 0
0 0 0.160457 0 0 0 0 0 0 0 0
0 0 0 0 0 0 0 0 0 0 0
0 0 0.131351 0 0 0 0 0 0 0 0
0 0 0 0 0 0 0 0 0 0 0
0 0 0 0 0 0 0 0 0 0 0
0 0 0 0 0 0 0 0 0 0 0
0 0 0 0 0 0 0 0 0 0 0
0 0 0 0 0 0 0 0 0 0 0
0 0 0 0 0 0 0 0 0 0 0
0 0 0 0 0 0 0 0 0 0 0
0 0 0.0633968 0 0 0 0 0 0 0 0
0 0 0 0 0 0 0 0 0 0 0
0 0 0.0563756 0 0 0 0 0 0 0 0
0 0 0 0 0 0 0 0 0 0 0
0 0 0 0 0 0 0 0 0 0 0
0 0 0 0 0 0 0 0 0 0 0
0 0 0 0 0 0 0 0 0 0 0
0 0 0 0 0 0 0 0 0 0 0
0 0 0.117284 0 0 0 0 0 0 0 0
0 0 0.125386 0 0 0 0 0 0 0 0
0 0 0.205125 0 0 0 0 0 0 0 0
0 0 0.160515 0 0 0 0 0 0 0 0
0 0 0 0 0 0 0 0 0 0 0
0 0 0 0 0 0 0 0 0 0 0
0 0 0 0 0 0 0 0 0 0 0
0 0 0 0 0 0 0 0 0 0 0
0 0 0 0 0 0 0 0 0 0 0
0 0 0 0 0 0 0 0 0 0 0
0 0 0 0 0 0 0 0 0 0 0
0 0 0 0 0 0 0 0 0 0 0
0 0 0 0 0 0 0 0 0 0 0
0 0 0 0 0 0 0 0 0 0 0
0 0 0 0 0 0 0 0 0 0 0
0 0 0.203272 0 0 0 0 0 0 0 0
0 0 0.157714 0 0 0 0 0 0 0 0
0 0 0.162471 0 0 0 0 0 0 0 0
1 0 0.199662 0 0 0 0 9.17 5.24 100 0
0 0 0.164407 0 0 0 0 0 0 0 0
0 0 0.187719 0 0 0 0 0 0 0 0
0 0 0.152141 0 0 0 0 0 0 0 0
0 0 0.176944 0 0 0 0 0 0 0 0
0 0 0.0458687 0 0 0 0 0 0 0 0
0 0 0.0451365 0 0 0 0 0 0 0 0
0 0 0.126298 0 0 0 0 0 0 0 0
1 1 0.108761 0 0 0 0 8.75 4.94 100 0
0 0 0.101562 0 0 0 0 0 0 0 0
0 0 0.103839 0 0 0 0 0 0 0 0
0 0 0.131081 0 0 0 0 0 0 0 0
0 0 0.138462 0 0 0 0 0 0 0 0
0 0 0.0668803 0 0 0 0 0 0 0 0
0 0 0.12234 0 0 0 0 0 0 0 0
0 0 0.24408 0 0 0 0 0 0 0 0
0 0 0.207904 0 0 0 0 0 0 0 0
0 0 0.191558 0 0 0 0 0 0 0 0
0 0 0.121411 0 0 0 0 0 0 0 0
0 0 0.119213 0 0 0 0 0 0 0 0
0 0 0.1125 0 0 0 0 0 0 0 0
0 0 0.15366 0 0 0 0 0 0 0 0
0 0 0.169854 0 0 0 0 0 0 0 0
0 0 0.140409 0 0 0 0 0 0 0 0
0 0 0.0888055 0 0 0 0 0 0 0 0
0 0 0.224994 0 0 0 0 0 0 0 0
0 0 0 0 0 0 0 0 0 0 0
0 0 0 0 0 0 0 0 0 0 0
0 0 0 0 0 0 0 0 0 0 0
0 0 0 0 0 0 0 0 0 0 0
0 0 0.118487 0 0 0 0 0 0 0 0
0 0 0 0 0 0 0 0 0 0 0
0 0 0 0 0 0 0 0 0 0 0
0 0 0 0 0 0 0 0 0 0 0
0 0 0 0 0 0 0 0 0 0 0
0 0 0 0 0 0 0 0 0 0 0
0 0 0 0 0 0 0 0 0 0 0
0 0 0 0 0 0 0 0 0 0 0
1 1 0.235131 0 0 0 0 14.23 9.62 100 0
0 0 0 0 0 0 0 0 0 0 0
0 0 0 0 0 0 0 0 0 0 0
0 0 0 0 0 0 0 0 0 0 0
0 0 0 0 0 0 0 0 0 0 0
0 0 0 0 0 0 0 0 0 0 0
0 0 0 0 0 0 0 0 0 0 0
0 0 0 0 0 0 0 0 0 0 0
0 0 0 0 0 0 0 0 0 0 0
0 0 0 0 0 0 0 0 0 0 0
0 0 0 0 0 0 0 0 0 0 0
0 0 0 0 0 0 0 0 0 0 0
0 0 0 0 0 0 0 0 0 0 0
0 0 0 0 0 0 0 0 0 0 0
0 0 0 0 0 0 0 0 0 0 0
0 0 0 0 0 0 0 0 0 0 0
0 0 0 0 0 0 0 0 0 0 0
0 0 0 0 0 0 0 0 0 0 0
0 0 0 0 0 0 0 0 0 0 0
0 0 0 0 0 0 0 0 0 0 0
0 0 0.24283 0 0 0 0 0 0 0 0
0 0 0.161685 0 0 0 0 0 0 0 0
0 0 0.185464 0 0 0 0 0 0 0 0
0 0 0.233333 0 0 0 0 0 0 0 0
0 0 0.204539 0 0 0 0 0 0 0 0
0 0 0 0 0 0 0 0 0 0 0
0 0 0.118387 0 0 0 0 0 0 0 0
0 0 0.116114 0 0 0 0 0 0 0 0
0 0 0.157248 0 0 0 0 0 0 0 0
0 0 0.116114 0 0 0 0 0 0 0 0
0 0 0.157248 0 0 0 0 0 0 0 0
0 0 0.0838901 0 0 0 0 0 0 0 0
0 0 0.107417 0 0 0 0 0 0 0 0
0 0 0.078707 0 0 0 0 0 0 0 0
0 0 0.159154 0 0 0 0 0 0 0 0
0 0 0.124171 0 0 0 0 0 0 0 0
0 0 0.0763736 0 0 0 0 0 0 0 0
0 0 0.0695679 0 0 0 0 0 0 0 0
0 0 0.152288 0 0 0 0 0 0 0 0
0 0 0.124171 0 0 0 0 0 0 0 0
0 0 0.0228995 0 0 0 0 0 0 0 0
0 0 0.0984033 0 0 0 0 0 0 0 0
0 0 0.178516 0 0 0 0 0 0 0 0
0 0 0.142617 0 0 0 0 0 0 0 0
0 0 0 0 0 0 0 0 0 0 0
0 0 0 0 0 0 0 0 0 0 0
0 0 0.0114462 0 0 0 0 0 0 0 0
1 1 0.217753 0 0 0 0 15.38 10.28 100 0
0 0 0 0 0 0 0 0 0 0 0
0 0 0 0 0 0 0 0 0 0 0
0 0 0.128575 0 0 0 0 0 0 0 0
0 0 0 0 0 0 0 0 0 0 0
0 0 0 0 0 0 0 0 0 0 0
0 0 0 0 0 0 0 0 0 0 0
0 0 0.0235196 0 0 0 0 0 0 0 0
0 0 0.0285056 0 0 0 0 0 0 0 0
1 1 0.20915 0 0 0 0 3.03 1.99 100 0
1 1 0.148148 0 0 0 0 3.06 1.99 100 0
1 0 0.143396 0 0 0 0 3.08 1.83 100 0
1 0 0.158014 0 0 0 0 3.01 1.71 100 0
0 0 0.169019 0 0 0 0 0 0 0 0
0 0 0.102828 0 0 0 0 0 0 0 0
0 0 0.228669 0 0 0 0 0 0 0 0
0 0 0.150342 0 0 0 0 0 0 0 0
0 0 0.107417 0 0 0 0 0 0 0 0
0 0 0.078707 0 0 0 0 0 0 0 0
0 0 0.158807 0 0 0 0 0 0 0 0
0 0 0.124171 0 0 0 0 0 0 0 0
0 0 0.0769231 0 0 0 0 0 0 0 0
0 0 0.0695679 0 0 0 0 0 0 0 0
0 0 0.152614 0 0 0 0 0 0 0 0
0 0 0.124171 0 0 0 0 0 0 0 0
0 0 0 0 0 0 0 0 0 0 0
0 0 0 0 0 0 0 0 0 0 0
0 0 0.120812 0 0 0 0 0 0 0 0
0 0 0 0 0 0 0 0 0 0 0
0 0 0 0 0 0 0 0 0 0 0
0 0 0 0 0 0 0 0 0 0 0
0 0 0 0 0 0 0 0 0 0 0
0 0 0 0 0 0 0 0 0 0 0
0 0 0 0 0 0 0 0 0 0 0
0 0 0.133887 0 0 0 0 0 0 0 0
0 0 0 0 0 0 0 0 0 0 0
0 0 0 0 0 0 0 0 0 0 0
0 0 0 0 0 0 0 0 0 0 0
0 0 0 0 0 0 0 0 0 0 0
0 0 0.127976 0 0 0 0 0 0 0 0
0 0 0.183024 0 0 0 0 0 0 0 0
0 0 0.216336 0 0 0 0 0 0 0 0
0 0 0.166667 0 0 0 0 0 0 0 0
0 0 0.25 0 0 0 0 0 0 0 0
0 0 0.0418682 0 0 0 0 0 0 0 0
0 0 0.127976 0 0 0 0 0 0 0 0
0 0 0.183024 0 0 0 0 0 0 0 0
0 0 0.216336 0 0 0 0 0 0 0 0
0 0 0.166667 0 0 0 0 0 0 0 0
0 0 0.25 0 0 0 0 0 0 0 0
0 0 0 0 0 0 0 0 0 0 0
0 0 0.161765 0 0 0 0 0 0 0 0
0 0 0.107417 0 0 0 0 0 0 0 0
0 0 0.078707 0 0 0 0 0 0 0 0
0 0 0.158807 0 0 0 0 0 0 0 0
0 0 0.124171 0 0 0 0 0 0 0 0
0 0 0.0763736 0 0 0 0 0 0 0 0
0 0 0.0692614 0 0 0 0 0 0 0 0
0 0 0.152288 0 0 0 0 0 0 0 0
0 0 0.124171 0 0 0 0 0 0 0 0
0 0 0.174419 0 0 0 0 0 0 0 0
0 0 0.190211 0 0 0 0 0 0 0 0
0 0 0.116667 0 0 0 0 0 0 0 0
0 0 0.123595 0 0 0 0 0 0 0 0
0 0 0.139361 0 0 0 0 0 0 0 0
0 0 0.20524 0 0 0 0 0 0 0 0
1 0 0.169231 0 0 0 0 14.46 9.25 100 0
0 0 0.0566215 0 0 0 0 0 0 0 0
0 0 0.0788863 0 0 0 0 0 0 0 0
1 1 0.223636 0 0 0 0 13.88 10.05 100 0
1 1 0.114525 0 0 0 0 13.42 9.2 100 0
1 1 0.20983 0 0 0 0 14.06 9.64 100 0
1 1 0.20983 0 0 0 0 14.06 9.64 100 0
1 0 0.19279 0 0 0 0 13.6 8.65 100 0
1 0 0.197133 0 0 0 0 14.16 8.83 100 0
1 1 0.157095 0 0 0 0 14.02 9.2 100 0
0 0 0.10232 0 0 0 0 0 0 0 0
0 0 0.0705273 0 0 0 0 0 0 0 0
0 0 0.169336 0 0 0 0 0 0 0 0
0 0 0.095916 0 0 0 0 0 0 0 0
0 0 0.265773 0 0 0 0 0 0 0 0
0 0 0.0730733 0 0 0 0 0 0 0 0
0 0 0.13615 0 0 0 0 0 0 0 0
0 0 0.140644 0 0 0 0 0 0 0 0
0 0 0.234153 0 0 0 0 0 0 0 0
0 0 0.153027 0 0 0 0 0 0 0 0
0 0 0.150685 0 0 0 0 0 0 0 0
0 0 0.187124 0 0 0 0 0 0 0 0
0 0 0.232355 0 0 0 0 0 0 0 0
0 0 0.1934 0 0 0 0 0 0 0 0
0 0 0.132083 0 0 0 0 0 0 0 0
0 0 0.140292 0 0 0 0 0 0 0 0
0 0 0.215962 0 0 0 0 0 0 0 0
0 0 0.231595 0 0 0 0 0 0 0 0
0 0 0.192844 0 0 0 0 0 0 0 0
0 0 0.215239 0 0 0 0 0 0 0 0
0 0 0.21458 0 0 0 0 0 0 0 0
0 0 0.213205 0 0 0 0 0 0 0 0
1 1 0.207661 0 0 0 0 16.15 11.05 87.5 0
1 1 0.207661 0 0 0 0 16.4 11.36 87.5 0
0 0 0.108014 0 0 0 0 0 0 0 0
0 0 0.198187 0 0 0 0 0 0 0 0
0 0 0.200474 0 0 0 0 0 0 0 0
1 0 0.14 0 0 0 0 0 0 0 0
0 0 0.0328487 0 0 0 0 0 0 0 0
0 0 0.0732525 0 0 0 0 0 0 0 0
1 0 0.158621 0 0 0 0 0 0 0 0
0 0 0 0 0 0 0 0 0 0 0
1 1 0.147059 0 0 0 0 13.95 8.44 0 0
0 0 0.174312 0 0 0 0 0 0 0 0
1 0 0.217105 0 0 0 0 14.08 8.54 81.82 0
0 0 0.182207 0 0 0 0 0 0 0 0
0 0 0.14658 0 0 0 0 0 0 0 0
0 0 0.111064 0 0 0 0 0 0 0 0
0 0 0.133033 0 0 0 0 0 0 0 0
1 1 0.134921 0 0 0 0 8.88 5.96 100 0
1 1 0.164557 0 0 0 0 8.49 5.49 0 0
1 0 0.0879713 0 0 0 0 8.71 5.61 100 0
0 0 0.262535 0 0 0 0 0 0 0 0
1 1 0.132037 0 0 0 0 9.09 6.35 0 0
0 0 0.0753205 0 0 0 0 0 0 0 0
0 0 0.0882353 0 0 0 0 0 0 0 0
0 0 0.0564435 0 0 0 0 0 0 0 0
0 0 0.0563513 0 0 0 0 0 0 0 0
0 0 0.20033 0 0 0 0 0 0 0 0
0 0 0.115361 0 0 0 0 0 0 0 0
0 0 0.200924 0 0 0 0 0 0 0 0
0 0 0.203233 0 0 0 0 0 0 0 0
0 0 0.175309 0 0 0 0 0 0 0 0
0 0 0.1425 0 0 0 0 0 0 0 0
0 0 0.117209 0 0 0 0 0 0 0 0
0 0 0.114878 0 0 0 0 0 0 0 0
0 0 0.191558 0 0 0 0 0 0 0 0
0 0 0.181152 0 0 0 0 0 0 0 0
0 0 0.173868 0 0 0 0 0 0 0 0
0 0 0.231321 0 0 0 0 0 0 0 0
0 0 0.111685 0 0 0 0 0 0 0 0
0 0 0.183556 0 0 0 0 0 0 0 0
0 0 0.184691 0 0 0 0 0 0 0 0
0 0 0.165143 0 0 0 0 0 0 0 0
0 0 0.190269 0 0 0 0 0 0 0 0
0 0 0 0 0 0 0 0 0 0 0
0 0 0 0 0 0 0 0 0 0 0
0 0 0 0 0 0 0 0 0 0 0
0 0 0.0753205 0 0 0 0 0 0 0 0
0 0 0.0882353 0 0 0 0 0 0 0 0
0 0 0.0570503 0 0 0 0 0 0 0 0
0 0 0.0563513 0 0 0 0 0 0 0 0
0 0 0.20033 0 0 0 0 0 0 0 0
0 0 0.115361 0 0 0 0 0 0 0 0
0 0 0.200924 0 0 0 0 0 0 0 0
0 0 0.203233 0 0 0 0 0 0 0 0
0 0 0.175309 0 0 0 0 0 0 0 0
0 0 0.1425 0 0 0 0 0 0 0 0
0 0 0.117209 0 0 0 0 0 0 0 0
0 0 0.114878 0 0 0 0 0 0 0 0
0 0 0.191558 0 0 0 0 0 0 0 0
0 0 0.181152 0 0 0 0 0 0 0 0
0 0 0.173868 0 0 0 0 0 0 0 0
0 0 0.231743 0 0 0 0 0 0 0 0
0 0 0.111685 0 0 0 0 0 0 0 0
0 0 0.183556 0 0 0 0 0 0 0 0
0 0 0.184691 0 0 0 0 0 0 0 0
0 0 0.165143 0 0 0 0 0 0 0 0
0 0 0.190269 0 0 0 0 0 0 0 0
0 0 0 0 0 0 0 0 0 0 0
0 0 0 0 0 0 0 0 0 0 0
0 0 0 0 0 0 0 0 0 0 0
0 0 0.0753205 0 0 0 0 0 0 0 0
0 0 0.0882353 0 0 0 0 0 0 0 0
0 0 0.0564435 0 0 0 0 0 0 0 0
0 0 0.0563513 0 0 0 0 0 0 0 0
0 0 0.20033 0 0 0 0 0 0 0 0
0 0 0.115361 0 0 0 0 0 0 0 0
0 0 0.200924 0 0 0 0 0 0 0 0
0 0 0.203233 0 0 0 0 0 0 0 0
0 0 0.175309 0 0 0 0 0 0 0 0
0 0 0.1425 0 0 0 0 0 0 0 0
0 0 0.117209 0 0 0 0 0 0 0 0
0 0 0.114878 0 0 0 0 0 0 0 0
0 0 0.191558 0 0 0 0 0 0 0 0
0 0 0.181152 0 0 0 0 0 0 0 0
0 0 0.173868 0 0 0 0 0 0 0 0
0 0 0.231743 0 0 0 0 0 0 0 0
0 0 0.111685 0 0 0 0 0 0 0 0
0 0 0.183556 0 0 0 0 0 0 0 0
0 0 0.184691 0 0 0 0 0 0 0 0
0 0 0.165143 0 0 0 0 0 0 0 0
0 0 0.190269 0 0 0 0 0 0 0 0
0 0 0 0 0 0 0 0 0 0 0
0 0 0 0 0 0 0 0 0 0 0
0 0 0 0 0 0 0 0 0 0 0
0 0 0.0753205 0 0 0 0 0 0 0 0
0 0 0.0882353 0 0 0 0 0 0 0 0
0 0 0.0564435 0 0 0 0 0 0 0 0
0 0 0.0563513 0 0 0 0 0 0 0 0
0 0 0.20033 0 0 0 0 0 0 0 0
0 0 0.115361 0 0 0 0 0 0 0 0
0 0 0.200924 0 0 0 0 0 0 0 0
0 0 0.203233 0 0 0 0 0 0 0 0
0 0 0.175309 0 0 0 0 0 0 0 0
0 0 0.1425 0 0 0 0 0 0 0 0
0 0 0.117209 0 0 0 0 0 0 0 0
0 0 0.114878 0 0 0 0 0 0 0 0
0 0 0.191558 0 0 0 0 0 0 0 0
0 0 0.181152 0 0 0 0 0 0 0 0
0 0 0.173868 0 0 0 0 0 0 0 0
0 0 0.231743 0 0 0 0 0 0 0 0
0 0 0.111685 0 0 0 0 0 0 0 0
0 0 0.183556 0 0 0 0 0 0 0 0
0 0 0.184691 0 0 0 0 0 0 0 0
0 0 0.165143 0 0 0 0 0 0 0 0
0 0 0.190269 0 0 0 0 0 0 0 0
0 0 0 0 0 0 0 0 0 0 0
0 0 0 0 0 0 0 0 0 0 0
0 0 0 0 0 0 0 0 0 0 0
0 0 0.0753205 0 0 0 0 0 0 0 0
0 0 0.0882353 0 0 0 0 0 0 0 0
0 0 0.0564435 0 0 0 0 0 0 0 0
0 0 0.0563513 0 0 0 0 0 0 0 0
0 0 0.20033 0 0 0 0 0 0 0 0
0 0 0.115361 0 0 0 0 0 0 0 0
0 0 0.200924 0 0 0 0 0 0 0 0
0 0 0.203233 0 0 0 0 0 0 0 0
0 0 0.175309 0 0 0 0 0 0 0 0
0 0 0.1425 0 0 0 0 0 0 0 0
0 0 0.117209 0 0 0 0 0 0 0 0
0 0 0.114878 0 0 0 0 0 0 0 0
0 0 0.191558 0 0 0 0 0 0 0 0
0 0 0.181152 0 0 0 0 0 0 0 0
0 0 0.173868 0 0 0 0 0 0 0 0
0 0 0.231743 0 0 0 0 0 0 0 0
0 0 0.111685 0 0 0 0 0 0 0 0
0 0 0.183556 0 0 0 0 0 0 0 0
0 0 0.184691 0 0 0 0 0 0 0 0
0 0 0.165143 0 0 0 0 0 0 0 0
0 0 0.190269 0 0 0 0 0 0 0 0
0 0 0 0 0 0 0 0 0 0 0
0 0 0 0 0 0 0 0 0 0 0
0 0 0 0 0 0 0 0 0 0 0
0 0 0.0753205 0 0 0 0 0 0 0 0
0 0 0.0882353 0 0 0 0 0 0 0 0
0 0 0.0564435 0 0 0 0 0 0 0 0
0 0 0.0565087 0 0 0 0 0 0 0 0
0 0 0.20033 0 0 0 0 0 0 0 0
0 0 0.115361 0 0 0 0 0 0 0 0
0 0 0.200924 0 0 0 0 0 0 0 0
0 0 0.203233 0 0 0 0 0 0 0 0
0 0 0.175309 0 0 0 0 0 0 0 0
0 0 0.1425 0 0 0 0 0 0 0 0
0 0 0.117209 0 0 0 0 0 0 0 0
0 0 0.114878 0 0 0 0 0 0 0 0
0 0 0.191558 0 0 0 0 0 0 0 0
0 0 0.181152 0 0 0 0 0 0 0 0
0 0 0.173868 0 0 0 0 0 0 0 0
0 0 0.231743 0 0 0 0 0 0 0 0
0 0 0.111685 0 0 0 0 0 0 0 0
0 0 0.183556 0 0 0 0 0 0 0 0
0 0 0.184691 0 0 0 0 0 0 0 0
0 0 0.165143 0 0 0 0 0 0 0 0
0 0 0.190269 0 0 0 0 0 0 0 0
0 0 0 0 0 0 0 0 0 0 0
0 0 0 0 0 0 0 0 0 0 0
0 0 0 0 0 0 0 0 0 0 0
0 0 0.0753205 0 0 0 0 0 0 0 0
0 0 0.0882353 0 0 0 0 0 0 0 0
0 0 0.0570503 0 0 0 0 0 0 0 0
0 0 0.0563513 0 0 0 0 0 0 0 0
0 0 0.20033 0 0 0 0 0 0 0 0
0 0 0.115361 0 0 0 0 0 0 0 0
0 0 0.200924 0 0 0 0 0 0 0 0
0 0 0.203233 0 0 0 0 0 0 0 0
0 0 0.175309 0 0 0 0 0 0 0 0
0 0 0.1425 0 0 0 0 0 0 0 0
0 0 0.117209 0 0 0 0 0 0 0 0
0 0 0.114878 0 0 0 0 0 0 0 0
0 0 0.191558 0 0 0 0 0 0 0 0
0 0 0.181152 0 0 0 0 0 0 0 0
0 0 0.173868 0 0 0 0 0 0 0 0
0 0 0.231321 0 0 0 0 0 0 0 0
0 0 0.111685 0 0 0 0 0 0 0 0
0 0 0.183556 0 0 0 0 0 0 0 0
0 0 0.184691 0 0 0 0 0 0 0 0
0 0 0.165143 0 0 0 0 0 0 0 0
0 0 0.190269 0 0 0 0 0 0 0 0
0 0 0 0 0 0 0 0 0 0 0
0 0 0 0 0 0 0 0 0 0 0
0 0 0 0 0 0 0 0 0 0 0
0 0 0.0753205 0 0 0 0 0 0 0 0
0 0 0.0882353 0 0 0 0 0 0 0 0
0 0 0.0564435 0 0 0 0 0 0 0 0
0 0 0.0563513 0 0 0 0 0 0 0 0
0 0 0.20033 0 0 0 0 0 0 0 0
0 0 0.115361 0 0 0 0 0 0 0 0
0 0 0.200924 0 0 0 0 0 0 0 0
0 0 0.203233 0 0 0 0 0 0 0 0
0 0 0.175309 0 0 0 0 0 0 0 0
0 0 0.1425 0 0 0 0 0 0 0 0
0 0 0.117209 0 0 0 0 0 0 0 0
0 0 0.114878 0 0 0 0 0 0 0 0
0 0 0.191558 0 0 0 0 0 0 0 0
0 0 0.181152 0 0 0 0 0 0 0 0
0 0 0.173868 0 0 0 0 0 0 0 0
0 0 0.231743 0 0 0 0 0 0 0 0
0 0 0.111685 0 0 0 0 0 0 0 0
0 0 0.183556 0 0 0 0 0 0 0 0
0 0 0.184691 0 0 0 0 0 0 0 0
0 0 0.165714 0 0 0 0 0 0 0 0
0 0 0.190269 0 0 0 0 0 0 0 0
0 0 0 0 0 0 0 0 0 0 0
0 0 0 0 0 0 0 0 0 0 0
0 0 0 0 0 0 0 0 0 0 0
0 0 0.0753205 0 0 0 0 0 0 0 0
0 0 0.0882353 0 0 0 0 0 0 0 0
0 0 0.0564435 0 0 0 0 0 0 0 0
0 0 0.0565087 0 0 0 0 0 0 0 0
0 0 0.20033 0 0 0 0 0 0 0 0
0 0 0.115361 0 0 0 0 0 0 0 0
0 0 0.200924 0 0 0 0 0 0 0 0
0 0 0.203233 0 0 0 0 0 0 0 0
0 0 0.175309 0 0 0 0 0 0 0 0
0 0 0.1425 0 0 0 0 0 0 0 0
0 0 0.117209 0 0 0 0 0 0 0 0
0 0 0.114878 0 0 0 0 0 0 0 0
0 0 0.191558 0 0 0 0 0 0 0 0
0 0 0.181152 0 0 0 0 0 0 0 0
0 0 0.173868 0 0 0 0 0 0 0 0
0 0 0.231321 0 0 0 0 0 0 0 0
0 0 0.111685 0 0 0 0 0 0 0 0
0 0 0.183556 0 0 0 0 0 0 0 0
0 0 0.185393 0 0 0 0 0 0 0 0
0 0 0.165143 0 0 0 0 0 0 0 0
0 0 0.190269 0 0 0 0 0 0 0 0
0 0 0 0 0 0 0 0 0 0 0
0 0 0 0 0 0 0 0 0 0 0
0 0 0 0 0 0 0 0 0 0 0
0 0 0.0753205 0 0 0 0 0 0 0 0
0 0 0.0882353 0 0 0 0 0 0 0 0
0 0 0.0564435 0 0 0 0 0 0 0 0
0 0 0.0566661 0 0 0 0 0 0 0 0
0 0 0.20033 0 0 0 0 0 0 0 0
0 0 0.115361 0 0 0 0 0 0 0 0
0 0 0.200924 0 0 0 0 0 0 0 0
0 0 0.203233 0 0 0 0 0 0 0 0
0 0 0.175309 0 0 0 0 0 0 0 0
0 0 0.1425 0 0 0 0 0 0 0 0
0 0 0.117209 0 0 0 0 0 0 0 0
0 0 0.114878 0 0 0 0 0 0 0 0
0 0 0.191558 0 0 0 0 0 0 0 0
0 0 0.181152 0 0 0 0 0 0 0 0
0 0 0.173868 0 0 0 0 0 0 0 0
0 0 0.231321 0 0 0 0 0 0 0 0
0 0 0.111685 0 0 0 0 0 0 0 0
0 0 0.183556 0 0 0 0 0 0 0 0
0 0 0.184691 0 0 0 0 0 0 0 0
0 0 0.165143 0 0 0 0 0 0 0 0
0 0 0.190269 0 0 0 0 0 0 0 0
0 0 0 0 0 0 0 0 0 0 0
0 0 0 0 0 0 0 0 0 0 0
0 0 0 0 0 0 0 0 0 0 0
0 0 0.0753205 0 0 0 0 0 0 0 0
0 0 0.0882353 0 0 0 0 0 0 0 0
0 0 0.056848 0 0 0 0 0 0 0 0
0 0 0.0566661 0 0 0 0 0 0 0 0
0 0 0.20033 0 0 0 0 0 0 0 0
0 0 0.115361 0 0 0 0 0 0 0 0
0 0 0.200924 0 0 0 0 0 0 0 0
0 0 0.203233 0 0 0 0 0 0 0 0
0 0 0.175309 0 0 0 0 0 0 0 0
0 0 0.1425 0 0 0 0 0 0 0 0
0 0 0.117209 0 0 0 0 0 0 0 0
0 0 0.114878 0 0 0 0 0 0 0 0
0 0 0.191558 0 0 0 0 0 0 0 0
0 0 0.181152 0 0 0 0 0 0 0 0
0 0 0.173868 0 0 0 0 0 0 0 0
0 0 0.231743 0 0 0 0 0 0 0 0
0 0 0.111685 0 0 0 0 0 0 0 0
0 0 0.183556 0 0 0 0 0 0 0 0
0 0 0.184691 0 0 0 0 0 0 0 0
0 0 0.165143 0 0 0 0 0 0 0 0
0 0 0.190269 0 0 0 0 0 0 0 0
0 0 0 0 0 0 0 0 0 0 0
0 0 0 0 0 0 0 0 0 0 0
0 0 0 0 0 0 0 0 0 0 0
0 0 0.0753205 0 0 0 0 0 0 0 0
0 0 0.0882353 0 0 0 0 0 0 0 0
0 0 0.0564435 0 0 0 0 0 0 0 0
0 0 0.0568236 0 0 0 0 0 0 0 0
0 0 0.20033 0 0 0 0 0 0 0 0
0 0 0.115361 0 0 0 0 0 0 0 0
0 0 0.200924 0 0 0 0 0 0 0 0
0 0 0.203233 0 0 0 0 0 0 0 0
0 0 0.175309 0 0 0 0 0 0 0 0
0 0 0.1425 0 0 0 0 0 0 0 0
0 0 0.117209 0 0 0 0 0 0 0 0
0 0 0.114878 0 0 0 0 0 0 0 0
0 0 0.191558 0 0 0 0 0 0 0 0
0 0 0.181152 0 0 0 0 0 0 0 0
0 0 0.173868 0 0 0 0 0 0 0 0
0 0 0.231321 0 0 0 0 0 0 0 0
0 0 0.111685 0 0 0 0 0 0 0 0
0 0 0.183556 0 0 0 0 0 0 0 0
0 0 0.184691 0 0 0 0 0 0 0 0
0 0 0.165143 0 0 0 0 0 0 0 0
0 0 0.190269 0 0 0 0 0 0 0 0
0 0 0 0 0 0 0 0 0 0 0
0 0 0 0 0 0 0 0 0 0 0
0 0 0 0 0 0 0 0 0 0 0
0 0 0.0753205 0 0 0 0 0 0 0 0
0 0 0.0882353 0 0 0 0 0 0 0 0
0 0 0.0564435 0 0 0 0 0 0 0 0
0 0 0.0563513 0 0 0 0 0 0 0 0
0 0 0.20033 0 0 0 0 0 0 0 0
0 0 0.115361 0 0 0 0 0 0 0 0
0 0 0.200924 0 0 0 0 0 0 0 0
0 0 0.203233 0 0 0 0 0 0 0 0
0 0 0.175309 0 0 0 0 0 0 0 0
0 0 0.1425 0 0 0 0 0 0 0 0
0 0 0.117209 0 0 0 0 0 0 0 0
0 0 0.114878 0 0 0 0 0 0 0 0
0 0 0.191558 0 0 0 0 0 0 0 0
0 0 0.181152 0 0 0 0 0 0 0 0
0 0 0.173868 0 0 0 0 0 0 0 0
0 0 0.232165 0 0 0 0 0 0 0 0
0 0 0.111685 0 0 0 0 0 0 0 0
0 0 0.183556 0 0 0 0 0 0 0 0
0 0 0.184691 0 0 0 0 0 0 0 0
0 0 0.165143 0 0 0 0 0 0 0 0
0 0 0.190269 0 0 0 0 0 0 0 0
0 0 0 0 0 0 0 0 0 0 0
0 0 0 0 0 0 0 0 0 0 0
0 0 0 0 0 0 0 0 0 0 0
0 0 0.0753205 0 0 0 0 0 0 0 0
0 0 0.0882353 0 0 0 0 0 0 0 0
0 0 0.056848 0 0 0 0 0 0 0 0
0 0 0.0563513 0 0 0 0 0 0 0 0
0 0 0.20033 0 0 0 0 0 0 0 0
0 0 0.115361 0 0 0 0 0 0 0 0
0 0 0.200924 0 0 0 0 0 0 0 0
0 0 0.203233 0 0 0 0 0 0 0 0
0 0 0.175309 0 0 0 0 0 0 0 0
0 0 0.1425 0 0 0 0 0 0 0 0
0 0 0.117209 0 0 0 0 0 0 0 0
0 0 0.114878 0 0 0 0 0 0 0 0
0 0 0.191558 0 0 0 0 0 0 0 0
0 0 0.181152 0 0 0 0 0 0 0 0
0 0 0.173868 0 0 0 0 0 0 0 0
0 0 0.231743 0 0 0 0 0 0 0 0
0 0 0.111685 0 0 0 0 0 0 0 0
0 0 0.183556 0 0 0 0 0 0 0 0
0 0 0.184691 0 0 0 0 0 0 0 0
0 0 0.165143 0 0 0 0 0 0 0 0
0 0 0.190269 0 0 0 0 0 0 0 0
0 0 0 0 0 0 0 0 0 0 0
0 0 0 0 0 0 0 0 0 0 0
0 0 0 0 0 0 0 0 0 0 0
0 0 0.0753205 0 0 0 0 0 0 0 0
0 0 0.0882353 0 0 0 0 0 0 0 0
0 0 0.056848 0 0 0 0 0 0 0 0
0 0 0.0565087 0 0 0 0 0 0 0 0
0 0 0.20033 0 0 0 0 0 0 0 0
0 0 0.115361 0 0 0 0 0 0 0 0
0 0 0.200924 0 0 0 0 0 0 0 0
0 0 0.203233 0 0 0 0 0 0 0 0
0 0 0.175309 0 0 0 0 0 0 0 0
0 0 0.1425 0 0 0 0 0 0 0 0
0 0 0.117209 0 0 0 0 0 0 0 0
0 0 0.114878 0 0 0 0 0 0 0 0
0 0 0.191558 0 0 0 0 0 0 0 0
0 0 0.181152 0 0 0 0 0 0 0 0
0 0 0.173868 0 0 0 0 0 0 0 0
0 0 0.231743 0 0 0 0 0 0 0 0
0 0 0.111685 0 0 0 0 0 0 0 0
0 0 0.183556 0 0 0 0 0 0 0 0
0 0 0.184691 0 0 0 0 0 0 0 0
0 0 0.165143 0 0 0 0 0 0 0 0
0 0 0.190269 0 0 0 0 0 0 0 0
0 0 0 0 0 0 0 0 0 0 0
0 0 0 0 0 0 0 0 0 0 0
0 0 0 0 0 0 0 0 0 0 0
0 0 0.0753205 0 0 0 0 0 0 0 0
0 0 0.0882353 0 0 0 0 0 0 0 0
0 0 0.056848 0 0 0 0 0 0 0 0
0 0 0.0563513 0 0 0 0 0 0 0 0
0 0 0.20033 0 0 0 0 0 0 0 0
0 0 0.115361 0 0 0 0 0 0 0 0
0 0 0.200924 0 0 0 0 0 0 0 0
0 0 0.203233 0 0 0 0 0 0 0 0
0 0 0.175309 0 0 0 0 0 0 0 0
0 0 0.1425 0 0 0 0 0 0 0 0
0 0 0.117209 0 0 0 0 0 0 0 0
0 0 0.114878 0 0 0 0 0 0 0 0
0 0 0.191558 0 0 0 0 0 0 0 0
0 0 0.181152 0 0 0 0 0 0 0 0
0 0 0.173868 0 0 0 0 0 0 0 0
0 0 0.231743 0 0 0 0 0 0 0 0
0 0 0.111685 0 0 0 0 0 0 0 0
0 0 0.183556 0 0 0 0 0 0 0 0
0 0 0.184691 0 0 0 0 0 0 0 0
0 0 0.165143 0 0 0 0 0 0 0 0
0 0 0.190269 0 0 0 0 0 0 0 0
0 0 0 0 0 0 0 0 0 0 0
0 0 0 0 0 0 0 0 0 0 0
0 0 0 0 0 0 0 0 0 0 0
0 0 0.0753205 0 0 0 0 0 0 0 0
0 0 0.0882353 0 0 0 0 0 0 0 0
0 0 0.0564435 0 0 0 0 0 0 0 0
0 0 0.0566661 0 0 0 0 0 0 0 0
0 0 0.20033 0 0 0 0 0 0 0 0
0 0 0.115361 0 0 0 0 0 0 0 0
0 0 0.200924 0 0 0 0 0 0 0 0
0 0 0.203233 0 0 0 0 0 0 0 0
0 0 0.175309 0 0 0 0 0 0 0 0
0 0 0.1425 0 0 0 0 0 0 0 0
0 0 0.117209 0 0 0 0 0 0 0 0
0 0 0.114878 0 0 0 0 0 0 0 0
0 0 0.191558 0 0 0 0 0 0 0 0
0 0 0.181152 0 0 0 0 0 0 0 0
0 0 0.173868 0 0 0 0 0 0 0 0
0 0 0.231743 0 0 0 0 0 0 0 0
0 0 0.111685 0 0 0 0 0 0 0 0
0 0 0.183556 0 0 0 0 0 0 0 0