1 1 0.945289 0 0 0 0 10.83 6.58 0 0
1 1 0.945289 0 0 0 0 10.81 6.58 0 0
1 1 0.945289 0 0 0 0 10.61 6.44 0 0
0 0 0.210332 0 0 0 0 0 0 0 0
0 0 0.357198 0 0 0 0 0 0 0 0
1 1 0.767327 0 0 0 0 25.4 18.11 80 0
1 1 0.802885 0 0 0 0 25.96 18.72 80 0
1 1 0.509615 0 0 0 0 9.39 5.59 87.5 0
1 1 0.56869 0 0 0 0 16.5 10.64 87.5 0
0 0 0.490783 0 0 0 0 0 0 0 0
0 0 0.60198 0 0 0 0 0 0 0 0
0 0 0.864929 0 0 0 0 0 0 0 0
0 0 0.715044 0 0 0 0 0 0 0 0
0 0 0.382979 0 0 0 0 0 0 0 0
0 0 0.747253 0 0 0 0 0 0 0 0
0 0 0.431746 0 0 0 0 0 0 0 0
0 0 0.399321 0 0 0 0 0 0 0 0
0 0 0.216376 0 0 0 0 0 0 0 0
0 0 0.45935 0 0 0 0 0 0 0 0
1 1 0.648387 0 0 0 0 10.31 6.03 41.67 0
0 0 0.144928 0 0 0 0 0 0 0 0
1 1 0.633929 0 0 0 0 10.74 5.9 100 0
0 0 0.836486 0 0 0 0 0 0 0 0
1 0 0.539326 0 0 0 0 10.34 6.24 100 0
1 1 0.857143 0 0 0 0 12.55 7.79 100 0
1 1 0.854167 0 0 0 0 12.55 7.79 100 0
1 0 0.44973 0 0 0 0 13.91 8.62 84.38 0
0 0 0.41411 0 0 0 0 0 0 0 0
0 0 0.897163 0 0 0 0 0 0 0 0
1 1 0.444056 0 0 0 0 13.39 8.69 100 0
1 0 0.370504 0 0 0 0 12.94 8.53 100 0
0 0 0.518919 0 0 0 0 0 0 0 0
1 1 0.564797 0 0 0 0 12.76 7.85 83.33 0
1 0 0.374069 0 0 0 0 13.73 9.33 100 0
0 0 0.227352 0 0 0 0 0 0 0 0
0 0 0.440329 0 0 0 0 0 0 0 0
0 0 0.0619891 0 0 0 0 0 0 0 0
1 1 0.891089 0 0 0 0 10.68 6.16 100 0
0 0 0.638095 0 0 0 0 0 0 0 0
0 0 0.688235 0 0 0 0 0 0 0 0
0 0 0.479245 0 0 0 0 0 0 0 0
0 0 0.492857 0 0 0 0 0 0 0 0
0 0 0.332581 0 0 0 0 0 0 0 0
0 0 0.385989 0 0 0 0 0 0 0 0
0 0 0.458042 0 0 0 0 0 0 0 0
0 0 0.375212 0 0 0 0 0 0 0 0
0 0 0.398015 0 0 0 0 0 0 0 0
0 0 0.469697 0 0 0 0 0 0 0 0
0 0 0.44582 0 0 0 0 0 0 0 0
0 0 0.789474 0 0 0 0 0 0 0 0
0 0 0.57931 0 0 0 0 0 0 0 0
0 0 0.555556 0 0 0 0 0 0 0 0
0 0 0.538922 0 0 0 0 0 0 0 0
0 0 0.688776 0 0 0 0 0 0 0 0
0 0 0.480916 0 0 0 0 0 0 0 0
0 0 0.905405 0 0 0 0 0 0 0 0
0 0 0.887324 0 0 0 0 0 0 0 0
0 0 0.398427 0 0 0 0 0 0 0 0
0 0 0.523438 0 0 0 0 0 0 0 0
0 0 0.828829 0 0 0 0 0 0 0 0
0 0 0.297959 0 0 0 0 0 0 0 0
0 0 0.302632 0 0 0 0 0 0 0 0
0 0 0.240816 0 0 0 0 0 0 0 0
0 0 0.620253 0 0 0 0 0 0 0 0
0 0 0.199115 0 0 0 0 0 0 0 0
0 0 0.175676 0 0 0 0 0 0 0 0
0 0 0.664789 0 0 0 0 0 0 0 0
0 0 0.234513 0 0 0 0 0 0 0 0
0 0 0.283933 0 0 0 0 0 0 0 0
0 0 0.506383 0 0 0 0 0 0 0 0
0 0 0.393519 0 0 0 0 0 0 0 0
0 0 0.407143 0 0 0 0 0 0 0 0
0 0 0.284444 0 0 0 0 0 0 0 0
0 0 0.439667 0 0 0 0 0 0 0 0
0 0 0.460912 0 0 0 0 0 0 0 0
0 0 0.318482 0 0 0 0 0 0 0 0
0 0 0.297814 0 0 0 0 0 0 0 0
0 0 0.260807 0 0 0 0 0 0 0 0
0 0 0.322275 0 0 0 0 0 0 0 0
0 0 0.510753 0 0 0 0 0 0 0 0
0 0 0.315789 0 0 0 0 0 0 0 0
0 0 0.673684 0 0 0 0 0 0 0 0
0 0 0.346696 0 0 0 0 0 0 0 0
0 0 0.492857 0 0 0 0 0 0 0 0
0 0 0.581774 0 0 0 0 0 0 0 0
0 0 0.322123 0 0 0 0 0 0 0 0
0 0 0.385989 0 0 0 0 0 0 0 0
0 0 0.458042 0 0 0 0 0 0 0 0
0 0 0.375212 0 0 0 0 0 0 0 0
0 0 0.377067 0 0 0 0 0 0 0 0
0 0 0.469697 0 0 0 0 0 0 0 0
0 0 0.44582 0 0 0 0 0 0 0 0
0 0 0.789474 0 0 0 0 0 0 0 0
0 0 0.57931 0 0 0 0 0 0 0 0
0 0 0.555556 0 0 0 0 0 0 0 0
0 0 0.538922 0 0 0 0 0 0 0 0
0 0 0.688776 0 0 0 0 0 0 0 0
0 0 0.480916 0 0 0 0 0 0 0 0
0 0 0.905405 0 0 0 0 0 0 0 0
0 0 0.887324 0 0 0 0 0 0 0 0
0 0 0.411533 0 0 0 0 0 0 0 0
0 0 0.523438 0 0 0 0 0 0 0 0
0 0 0.828829 0 0 0 0 0 0 0 0
0 0 0.297959 0 0 0 0 0 0 0 0
0 0 0.302632 0 0 0 0 0 0 0 0
0 0 0.240816 0 0 0 0 0 0 0 0
0 0 0.620253 0 0 0 0 0 0 0 0
0 0 0.199115 0 0 0 0 0 0 0 0
0 0 0.175676 0 0 0 0 0 0 0 0
0 0 0.664789 0 0 0 0 0 0 0 0
0 0 0.234513 0 0 0 0 0 0 0 0
0 0 0.283933 0 0 0 0 0 0 0 0
0 0 0.506383 0 0 0 0 0 0 0 0
0 0 0.393519 0 0 0 0 0 0 0 0
0 0 0.407143 0 0 0 0 0 0 0 0
0 0 0.284444 0 0 0 0 0 0 0 0
0 0 0.439667 0 0 0 0 0 0 0 0
0 0 0.460912 0 0 0 0 0 0 0 0
0 0 0.318482 0 0 0 0 0 0 0 0
0 0 0.297814 0 0 0 0 0 0 0 0
0 0 0.260807 0 0 0 0 0 0 0 0
0 0 0.322275 0 0 0 0 0 0 0 0
0 0 0.510753 0 0 0 0 0 0 0 0
0 0 0.315789 0 0 0 0 0 0 0 0
0 0 0.673684 0 0 0 0 0 0 0 0
0 0 0.380104 0 0 0 0 0 0 0 0
0 0 0.2 0 0 0 0 0 0 0 0
0 0 0.0609319 0 0 0 0 0 0 0 0
1 1 0.861004 0 0 0 0 13.44 9.28 0 0
1 1 0.54209 0 0 0 0 12.34 6.92 53.85 0
0 0 0.678788 0 0 0 0 0 0 0 0
1 1 0.364706 0 0 0 0 14.97 9.57 100 0
0 0 0.545977 0 0 0 0 0 0 0 0
0 0 0.686508 0 0 0 0 0 0 0 0
0 0 0.793651 0 0 0 0 0 0 0 0
1 1 0.939891 0 0 0 0 15.45 10.15 100 0
0 0 0.0486487 0 0 0 0 0 0 0 0
0 0 0.154412 0 0 0 0 0 0 0 0
0 0 0.213636 0 0 0 0 0 0 0 0
1 1 0.466102 0 0 0 0 15.04 9.81 100 0
1 1 0.594495 0 0 0 0 9.3 5.14 75 0
1 1 0.817635 0 0 0 0 9.31 5.14 73.33 0
1 1 0.567708 0 0 0 0 13.34 8.75 100 0
0 0 0.300688 0 0 0 0 0 0 0 0
0 0 0.466535 0 0 0 0 0 0 0 0
1 0 0.565789 0 0 0 0 14.41 8.92 100 0
1 0 0.537383 0 0 0 0 15.4 10.35 100 0
1 0 0.617284 0 0 0 0 15.51 10.42 53.85 0
1 0 0.613043 0 0 0 0 15.47 10.44 75 0
1 0 0.620419 0 0 0 0 14.36 9.19 46.67 0
1 1 0.808219 0 0 0 0 16.04 10.5 100 0
1 1 0.77707 0 0 0 0 13.72 8.45 100 0
1 1 0.731801 0 0 0 0 13.56 8.26 0 0
0 0 0.755668 0 0 0 0 0 0 0 0
0 0 0.594972 0 0 0 0 0 0 0 0
0 0 0.326087 0 0 0 0 0 0 0 0
1 1 0.633212 0 0 0 0 13.24 8.02 0 0
1 1 0.67423 0 0 0 0 13.65 8.19 0 0
1 1 0.77707 0 0 0 0 13.72 8.45 100 0
1 1 0.731801 0 0 0 0 13.56 8.26 0 0
0 0 0.755668 0 0 0 0 0 0 0 0
0 0 0.594972 0 0 0 0 0 0 0 0
0 0 0.326087 0 0 0 0 0 0 0 0
1 1 0.633212 0 0 0 0 13.24 8.02 0 0
1 1 0.67423 0 0 0 0 13.65 8.19 0 0
1 1 0.77707 0 0 0 0 13.72 8.45 100 0
1 1 0.731801 0 0 0 0 13.56 8.26 0 0
0 0 0.755668 0 0 0 0 0 0 0 0
0 0 0.594972 0 0 0 0 0 0 0 0
0 0 0.326087 0 0 0 0 0 0 0 0
1 1 0.633212 0 0 0 0 13.24 8.02 0 0
1 1 0.67423 0 0 0 0 13.65 8.19 0 0
1 1 0.77707 0 0 0 0 13.72 8.45 100 0
1 1 0.731801 0 0 0 0 13.56 8.26 0 0
0 0 0.755668 0 0 0 0 0 0 0 0
0 0 0.594972 0 0 0 0 0 0 0 0
0 0 0.326087 0 0 0 0 0 0 0 0
1 1 0.633212 0 0 0 0 13.24 8.02 0 0
1 1 0.67423 0 0 0 0 13.65 8.19 0 0
1 1 0.77707 0 0 0 0 13.72 8.45 100 0
1 1 0.731801 0 0 0 0 13.56 8.26 0 0
0 0 0.755668 0 0 0 0 0 0 0 0
0 0 0.594972 0 0 0 0 0 0 0 0
0 0 0.326087 0 0 0 0 0 0 0 0
1 1 0.633212 0 0 0 0 13.24 8.02 0 0
1 1 0.67423 0 0 0 0 13.65 8.19 0 0
0 0 0.106231 0 0 0 0 0 0 0 0
1 1 0.555963 0 0 0 0 8.62 5 53.85 0
0 0 0.752577 0 0 0 0 0 0 0 0
0 0 0.620283 0 0 0 0 0 0 0 0
1 1 0.707865 0 0 0 0 8.82 4.98 63.64 0
1 1 0.677419 0 0 0 0 9.53 5.78 87.5 0
0 0 0.921488 0 0 0 0 0 0 0 0
0 0 0.291667 0 0 0 0 0 0 0 0
1 1 0.723577 0 0 0 0 9.45 5.36 80 0
1 1 0.519591 0 0 0 0 10.87 6.63 84.62 0
0 0 0.556553 0 0 0 0 0 0 0 0
0 0 0.218543 0 0 0 0 0 0 0 0
0 0 0.205298 0 0 0 0 0 0 0 0
0 0 0.242739 0 0 0 0 0 0 0 0
0 0 0.16416 0 0 0 0 0 0 0 0
0 0 0.4375 0 0 0 0 0 0 0 0
0 0 0.413462 0 0 0 0 0 0 0 0
0 0 0.502793 0 0 0 0 0 0 0 0
0 0 0.341414 0 0 0 0 0 0 0 0
0 0 0.386574 0 0 0 0 0 0 0 0
0 0 0.526882 0 0 0 0 0 0 0 0
0 0 0.416667 0 0 0 0 0 0 0 0
0 0 0.15508 0 0 0 0 0 0 0 0
1 1 0.88785 0 0 0 0 10.24 7.11 100 0
1 1 0.729642 0 0 0 0 10.9 7.13 100 0
0 0 0.246242 0 0 0 0 0 0 0 0
0 0 0.549505 0 0 0 0 0 0 0 0
0 0 0.728814 0 0 0 0 0 0 0 0
1 0 0.601942 0 0 0 0 12.69 7.75 100 0
0 0 0.217236 0 0 0 0 0 0 0 0
0 0 0.240973 0 0 0 0 0 0 0 0
0 0 0.411588 0 0 0 0 0 0 0 0
0 0 0.436232 0 0 0 0 0 0 0 0
0 0 0.694568 0 0 0 0 0 0 0 0
0 0 0.610884 0 0 0 0 0 0 0 0
0 0 0.34264 0 0 0 0 0 0 0 0
0 0 0.47027 0 0 0 0 0 0 0 0
1 1 0.733219 0 0 0 0 11.59 6.44 94.44 0
1 1 0.714286 0 0 0 0 11.44 6.31 94.12 0
1 1 0.7343 0 0 0 0 11.02 7.05 100 0
0 0 0.787879 0 0 0 0 0 0 0 0
0 0 0.79 0 0 0 0 0 0 0 0
1 0 0.538365 0 0 0 0 10.65 7.18 80 0
1 0 0.543046 0 0 0 0 13.87 8.88 100 0
0 0 0.784553 0 0 0 0 0 0 0 0
1 1 0.77381 0 0 0 0 10.53 6.21 77.78 0
1 1 0.932605 0 0 0 0 10.68 5.75 50 0
1 1 0.691729 0 0 0 0 10.86 6.62 100 0
1 1 0.575499 0 0 0 0 10.69 6.37 83.33 0
1 1 0.59127 0 0 0 0 10.38 5.8 90.91 0
0 0 0.784553 0 0 0 0 0 0 0 0
1 1 0.77381 0 0 0 0 10.53 6.21 77.78 0
1 1 0.932605 0 0 0 0 10.68 5.75 50 0
1 1 0.691729 0 0 0 0 10.86 6.62 100 0
1 1 0.575499 0 0 0 0 10.69 6.37 83.33 0
1 1 0.59127 0 0 0 0 10.38 5.8 90.91 0
0 0 0.784553 0 0 0 0 0 0 0 0
1 1 0.77381 0 0 0 0 10.53 6.21 77.78 0
1 1 0.932605 0 0 0 0 10.68 5.75 50 0
1 1 0.691729 0 0 0 0 10.86 6.62 100 0
1 1 0.575499 0 0 0 0 10.69 6.37 83.33 0
1 1 0.59127 0 0 0 0 10.38 5.8 90.91 0
0 0 0.334975 0 0 0 0 0 0 0 0
1 1 0.748201 0 0 0 0 15.13 9.24 100 0
0 0 0.334975 0 0 0 0 0 0 0 0
1 1 0.748201 0 0 0 0 15.13 9.24 100 0
0 0 0.436123 0 0 0 0 0 0 0 0
1 0 0.530043 0 0 0 0 0 0 0 0
0 0 0.116099 0 0 0 0 0 0 0 0
0 0 0.18797 0 0 0 0 0 0 0 0
0 0 0.0810606 0 0 0 0 0 0 0 0
0 0 0.160727 0 0 0 0 0 0 0 0
0 0 0.348125 0 0 0 0 0 0 0 0
0 0 0.591255 0 0 0 0 0 0 0 0
0 0 0.115775 0 0 0 0 0 0 0 0
0 0 0.596685 0 0 0 0 0 0 0 0
0 0 0.5375 0 0 0 0 0 0 0 0
0 0 0.505412 0 0 0 0 0 0 0 0
0 0 0.645914 0 0 0 0 0 0 0 0
0 0 0.526316 0 0 0 0 0 0 0 0
0 0 0.466921 0 0 0 0 0 0 0 0
0 0 0.528846 0 0 0 0 0 0 0 0
0 0 0.0970874 0 0 0 0 0 0 0 0
0 0 0.211921 0 0 0 0 0 0 0 0
0 0 0.211921 0 0 0 0 0 0 0 0
0 0 0.482234 0 0 0 0 0 0 0 0
0 0 0.563528 0 0 0 0 0 0 0 0
0 0 0.43027 0 0 0 0 0 0 0 0
0 0 0.209207 0 0 0 0 0 0 0 0
0 0 0.24491 0 0 0 0 0 0 0 0
0 0 0.201663 0 0 0 0 0 0 0 0
0 0 0.461316 0 0 0 0 0 0 0 0
0 0 0.379401 0 0 0 0 0 0 0 0
0 0 0.528946 0 0 0 0 0 0 0 0
0 0 0.534538 0 0 0 0 0 0 0 0
0 0 0.483527 0 0 0 0 0 0 0 0
0 0 0.436316 0 0 0 0 0 0 0 0
0 0 0.449176 0 0 0 0 0 0 0 0
0 0 0.528525 0 0 0 0 0 0 0 0
0 0 0.186482 0 0 0 0 0 0 0 0
0 0 0.456801 0 0 0 0 0 0 0 0
0 0 0.397992 0 0 0 0 0 0 0 0
0 0 0.36477 0 0 0 0 0 0 0 0
0 0 0.39408 0 0 0 0 0 0 0 0
0 0 0.47205 0 0 0 0 0 0 0 0
0 0 0.486878 0 0 0 0 0 0 0 0
0 0 0.123839 0 0 0 0 0 0 0 0
0 0 0.596685 0 0 0 0 0 0 0 0
0 0 0.5375 0 0 0 0 0 0 0 0
0 0 0.479487 0 0 0 0 0 0 0 0
0 0 0.645914 0 0 0 0 0 0 0 0
0 0 0.524966 0 0 0 0 0 0 0 0
0 0 0.525714 0 0 0 0 0 0 0 0
0 0 0.493671 0 0 0 0 0 0 0 0
0 0 0.268056 0 0 0 0 0 0 0 0
0 0 0.0974244 0 0 0 0 0 0 0 0
0 0 0.0599334 0 0 0 0 0 0 0 0
0 0 0.0910995 0 0 0 0 0 0 0 0
0 0 0.066577 0 0 0 0 0 0 0 0
0 0 0.0818182 0 0 0 0 0 0 0 0
0 0 0.333534 0 0 0 0 0 0 0 0
0 0 0.524966 0 0 0 0 0 0 0 0
0 0 0.408966 0 0 0 0 0 0 0 0
0 0 0.0208628 0 0 0 0 0 0 0 0
0 0 0.606557 0 0 0 0 0 0 0 0
0 0 0.424141 0 0 0 0 0 0 0 0
0 0 0.57027 0 0 0 0 0 0 0 0
0 0 0.468765 0 0 0 0 0 0 0 0
0 0 0.433632 0 0 0 0 0 0 0 0
0 0 0.381077 0 0 0 0 0 0 0 0
0 0 0.508219 0 0 0 0 0 0 0 0
0 0 0.63871 0 0 0 0 0 0 0 0
0 0 0.604762 0 0 0 0 0 0 0 0
0 0 0.373349 0 0 0 0 0 0 0 0
0 0 0.440922 0 0 0 0 0 0 0 0
0 0 0.63871 0 0 0 0 0 0 0 0
0 0 0.604762 0 0 0 0 0 0 0 0
0 0 0.366242 0 0 0 0 0 0 0 0
0 0 0.53701 0 0 0 0 0 0 0 0
0 0 0.495189 0 0 0 0 0 0 0 0
0 0 0.338361 0 0 0 0 0 0 0 0
0 0 0.289051 0 0 0 0 0 0 0 0
0 0 0.317701 0 0 0 0 0 0 0 0
0 0 0.249294 0 0 0 0 0 0 0 0
0 0 0.297183 0 0 0 0 0 0 0 0
0 0 0.362963 0 0 0 0 0 0 0 0
0 0 0.421702 0 0 0 0 0 0 0 0
0 0 0.63871 0 0 0 0 0 0 0 0
0 0 0.604762 0 0 0 0 0 0 0 0
0 0 0.366242 0 0 0 0 0 0 0 0
0 0 0.342737 0 0 0 0 0 0 0 0
0 0 0.440233 0 0 0 0 0 0 0 0
0 0 0.680085 0 0 0 0 0 0 0 0
0 0 0.129436 0 0 0 0 0 0 0 0
0 0 0.0787879 0 0 0 0 0 0 0 0
0 0 0.0321205 0 0 0 0 0 0 0 0
0 0 0.0667321 0 0 0 0 0 0 0 0
1 0 0.36214 0 0 0 0 8.4 5.35 100 0
0 0 0.171254 0 0 0 0 0 0 0 0
0 0 0.209205 0 0 0 0 0 0 0 0
0 0 0.225806 0 0 0 0 0 0 0 0
1 1 0.268817 0 0 0 0 8.76 5.93 100 0
1 1 0.494559 0 0 0 0 10.4 7.99 100 0
0 0 0.249084 0 0 0 0 0 0 0 0
0 0 0.680085 0 0 0 0 0 0 0 0
0 0 0.129436 0 0 0 0 0 0 0 0
0 0 0.0787879 0 0 0 0 0 0 0 0
0 0 0.0321205 0 0 0 0 0 0 0 0
0 0 0.0667321 0 0 0 0 0 0 0 0
1 1 0.453564 0 0 0 0 12.5 7.51 0 0
1 1 0.458844 0 0 0 0 12.35 7.66 0 0
0 0 0.202429 0 0 0 0 0 0 0 0
0 0 0.189702 0 0 0 0 0 0 0 0
0 0 0.277574 0 0 0 0 0 0 0 0
0 0 0.0505663 0 0 0 0 0 0 0 0
1 1 0.575949 0 0 0 0 12.29 7.44 0 0
0 0 0.381057 0 0 0 0 0 0 0 0
0 0 0.680085 0 0 0 0 0 0 0 0
0 0 0.129436 0 0 0 0 0 0 0 0
1 1 0.657658 0 0 0 0 16.54 12.5 54.55 0
0 0 0.505651 0 0 0 0 0 0 0 0
0 0 0.0787879 0 0 0 0 0 0 0 0
0 0 0.0321205 0 0 0 0 0 0 0 0
0 0 0.0667321 0 0 0 0 0 0 0 0
1 1 0.453564 0 0 0 0 12.66 7.59 0 0
1 1 0.462347 0 0 0 0 12.51 7.74 0 0
1 1 0.826804 0 0 0 0 13.98 11.73 100 0
0 0 0.680085 0 0 0 0 0 0 0 0
0 0 0.129436 0 0 0 0 0 0 0 0
0 0 0.0787879 0 0 0 0 0 0 0 0
0 0 0.0321205 0 0 0 0 0 0 0 0
0 0 0.0667321 0 0 0 0 0 0 0 0
0 0 0.435133 0 0 0 0 0 0 0 0
0 0 0.606452 0 0 0 0 0 0 0 0
0 0 0.153719 0 0 0 0 0 0 0 0
0 0 0.131034 0 0 0 0 0 0 0 0
0 0 0.443609 0 0 0 0 0 0 0 0
0 0 0.211356 0 0 0 0 0 0 0 0
0 0 0.314655 0 0 0 0 0 0 0 0
0 0 0.356863 0 0 0 0 0 0 0 0
0 0 0.357466 0 0 0 0 0 0 0 0
0 0 0.366812 0 0 0 0 0 0 0 0
0 0 0.393443 0 0 0 0 0 0 0 0
0 0 0.358491 0 0 0 0 0 0 0 0
0 0 0.365546 0 0 0 0 0 0 0 0
0 0 0.323529 0 0 0 0 0 0 0 0
0 0 0.371179 0 0 0 0 0 0 0 0
0 0 0.360902 0 0 0 0 0 0 0 0
0 0 0.343891 0 0 0 0 0 0 0 0
0 0 0.368231 0 0 0 0 0 0 0 0
0 0 0.328173 0 0 0 0 0 0 0 0
0 0 0.305949 0 0 0 0 0 0 0 0
0 0 0.373016 0 0 0 0 0 0 0 0
0 0 0.318182 0 0 0 0 0 0 0 0
0 0 0.38206 0 0 0 0 0 0 0 0
0 0 0.355172 0 0 0 0 0 0 0 0
0 0 0.38 0 0 0 0 0 0 0 0
0 0 0.366438 0 0 0 0 0 0 0 0
0 0 0.390572 0 0 0 0 0 0 0 0
0 0 0.400966 0 0 0 0 0 0 0 0
1 0 0.516304 0 0 0 0 9.75 5.69 100 0
1 1 0.604317 0 0 0 0 9.29 5.09 0 0
1 1 0.958589 0 0 0 0 9.11 5.03 0 0
1 1 0.968872 0 0 0 0 9.4 5.09 50 0
1 0 0.546392 0 0 0 0 8.64 5.05 100 0
1 1 0.597122 0 0 0 0 8.23 4.52 0 0
1 1 0.957121 0 0 0 0 8.07 4.47 0 0
1 1 0.968872 0 0 0 0 8.32 4.52 50 0
0 0 0.763636 0 0 0 0 0 0 0 0
0 0 0.368662 0 0 0 0 0 0 0 0
0 0 0.547959 0 0 0 0 0 0 0 0
0 0 0.313273 0 0 0 0 0 0 0 0
0 0 0.236212 0 0 0 0 0 0 0 0
0 0 0.757426 0 0 0 0 0 0 0 0
0 0 0.555932 0 0 0 0 0 0 0 0
0 0 0.567568 0 0 0 0 0 0 0 0
0 0 0.695335 0 0 0 0 0 0 0 0
0 0 0.572519 0 0 0 0 0 0 0 0
0 0 0.73399 0 0 0 0 0 0 0 0
0 0 0.814286 0 0 0 0 0 0 0 0
0 0 0.425626 0 0 0 0 0 0 0 0
0 0 0.380402 0 0 0 0 0 0 0 0
0 0 0.520095 0 0 0 0 0 0 0 0
0 0 0.53186 0 0 0 0 0 0 0 0
0 0 0.757426 0 0 0 0 0 0 0 0
0 0 0.358496 0 0 0 0 0 0 0 0
0 0 0.112594 0 0 0 0 0 0 0 0
0 0 0.106793 0 0 0 0 0 0 0 0
0 0 0.14095 0 0 0 0 0 0 0 0
0 0 0.177562 0 0 0 0 0 0 0 0
0 0 0.358437 0 0 0 0 0 0 0 0
0 0 0.448931 0 0 0 0 0 0 0 0
0 0 0.323232 0 0 0 0 0 0 0 0
0 0 0.471773 0 0 0 0 0 0 0 0
0 0 0.276786 0 0 0 0 0 0 0 0
0 0 0.263375 0 0 0 0 0 0 0 0
0 0 0.179641 0 0 0 0 0 0 0 0
0 0 0.555932 0 0 0 0 0 0 0 0
0 0 0.567568 0 0 0 0 0 0 0 0
0 0 0.695335 0 0 0 0 0 0 0 0
0 0 0.572519 0 0 0 0 0 0 0 0
0 0 0.73399 0 0 0 0 0 0 0 0
0 0 0.814286 0 0 0 0 0 0 0 0
0 0 0.425626 0 0 0 0 0 0 0 0
0 0 0.408399 0 0 0 0 0 0 0 0
0 0 0.520095 0 0 0 0 0 0 0 0
0 0 0.53186 0 0 0 0 0 0 0 0
0 0 0.757426 0 0 0 0 0 0 0 0
0 0 0.555932 0 0 0 0 0 0 0 0
0 0 0.567568 0 0 0 0 0 0 0 0
0 0 0.695335 0 0 0 0 0 0 0 0
0 0 0.572519 0 0 0 0 0 0 0 0
0 0 0.73399 0 0 0 0 0 0 0 0
0 0 0.814286 0 0 0 0 0 0 0 0
0 0 0.416053 0 0 0 0 0 0 0 0
0 0 0.380402 0 0 0 0 0 0 0 0
0 0 0.520095 0 0 0 0 0 0 0 0
0 0 0.53186 0 0 0 0 0 0 0 0
0 0 0.757426 0 0 0 0 0 0 0 0
0 0 0.757426 0 0 0 0 0 0 0 0
0 0 0.757426 0 0 0 0 0 0 0 0
0 0 0.580952 0 0 0 0 0 0 0 0
0 0 0.7125 0 0 0 0 0 0 0 0
0 0 0.457143 0 0 0 0 0 0 0 0
0 0 0.542105 0 0 0 0 0 0 0 0
0 0 0.180723 0 0 0 0 0 0 0 0
0 0 0.572687 0 0 0 0 0 0 0 0
0 0 0.144462 0 0 0 0 0 0 0 0
0 0 0.155056 0 0 0 0 0 0 0 0
1 0 0.503968 0 0 0 0 15.38 9.65 70 0
0 0 0.526066 0 0 0 0 0 0 0 0
0 0 0.510386 0 0 0 0 0 0 0 0
1 1 0.559859 0 0 0 0 12.46 7.95 100 0
0 0 0.221675 0 0 0 0 0 0 0 0
1 1 0.796992 0 0 0 0 5.84 3.27 100 0
0 0 0.289782 0 0 0 0 0 0 0 0
0 0 0.142857 0 0 0 0 0 0 0 0
0 0 0.454545 0 0 0 0 0 0 0 0
1 0 0.688525 0 0 0 0 5.78 3.31 100 0
1 0 0.666667 0 0 0 0 5.78 3.31 100 0
0 0 0.0902579 0 0 0 0 0 0 0 0
0 0 0.40678 0 0 0 0 0 0 0 0
0 0 0.0567986 0 0 0 0 0 0 0 0
0 0 0.192935 0 0 0 0 0 0 0 0
1 1 0.81323 0 0 0 0 22.58 14.65 100 0
0 0 0.81323 0 0 0 0 0 0 0 0
0 0 0.360146 0 0 0 0 0 0 0 0
0 0 0.475 0 0 0 0 0 0 0 0
0 0 0.660793 0 0 0 0 0 0 0 0
0 0 0.459364 0 0 0 0 0 0 0 0
0 0 0.838636 0 0 0 0 0 0 0 0
0 0 0.727749 0 0 0 0 0 0 0 0
0 0 0.419277 0 0 0 0 0 0 0 0
0 0 0.611691 0 0 0 0 0 0 0 0
0 0 0.486922 0 0 0 0 0 0 0 0
0 0 0.546875 0 0 0 0 0 0 0 0
0 0 0.865904 0 0 0 0 0 0 0 0
0 0 0.56231 0 0 0 0 0 0 0 0
0 0 0.607595 0 0 0 0 0 0 0 0
0 0 0.683891 0 0 0 0 0 0 0 0
0 0 0.748092 0 0 0 0 0 0 0 0
0 0 0.953947 0 0 0 0 0 0 0 0
0 0 0.183908 0 0 0 0 0 0 0 0
0 0 0.686275 0 0 0 0 0 0 0 0
0 0 0.377939 0 0 0 0 0 0 0 0
0 0 0.550964 0 0 0 0 0 0 0 0
0 0 0.400823 0 0 0 0 0 0 0 0
0 0 0.14078 0 0 0 0 0 0 0 0
0 0 0.0651189 0 0 0 0 0 0 0 0
0 0 0.865672 0 0 0 0 0 0 0 0
0 0 0.480562 0 0 0 0 0 0 0 0
0 0 0.450565 0 0 0 0 0 0 0 0
0 0 0.922636 0 0 0 0 0 0 0 0
0 0 0.887967 0 0 0 0 0 0 0 0
0 0 0.755556 0 0 0 0 0 0 0 0
0 0 0.906329 0 0 0 0 0 0 0 0
0 0 0.92562 0 0 0 0 0 0 0 0
0 0 0.570248 0 0 0 0 0 0 0 0
0 0 0.683908 0 0 0 0 0 0 0 0
0 0 0.851211 0 0 0 0 0 0 0 0
0 0 0.904306 0 0 0 0 0 0 0 0
0 0 0.715464 0 0 0 0 0 0 0 0
0 0 0.495146 0 0 0 0 0 0 0 0
0 0 0.20354 0 0 0 0 0 0 0 0
0 0 0.775 0 0 0 0 0 0 0 0
0 0 0.553304 0 0 0 0 0 0 0 0
0 0 0.180556 0 0 0 0 0 0 0 0
0 0 0.431408 0 0 0 0 0 0 0 0
0 0 0.625899 0 0 0 0 0 0 0 0
0 0 0.5625 0 0 0 0 0 0 0 0
0 0 0.193699 0 0 0 0 0 0 0 0
0 0 0.344764 0 0 0 0 0 0 0 0
0 0 0.637086 0 0 0 0 0 0 0 0
0 0 0.264901 0 0 0 0 0 0 0 0
0 0 0.04046 0 0 0 0 0 0 0 0
0 0 0.573427 0 0 0 0 0 0 0 0
0 0 0.1375 0 0 0 0 0 0 0 0
0 0 0.0327908 0 0 0 0 0 0 0 0
0 0 0.193662 0 0 0 0 0 0 0 0
0 0 0.22541 0 0 0 0 0 0 0 0
0 0 0.20922 0 0 0 0 0 0 0 0
0 0 0.104097 0 0 0 0 0 0 0 0
0 0 0.0954064 0 0 0 0 0 0 0 0
0 0 0.0651189 0 0 0 0 0 0 0 0
0 0 0.865672 0 0 0 0 0 0 0 0
0 0 0.480562 0 0 0 0 0 0 0 0
0 0 0.450565 0 0 0 0 0 0 0 0
0 0 0.922636 0 0 0 0 0 0 0 0
0 0 0.887967 0 0 0 0 0 0 0 0
0 0 0.755556 0 0 0 0 0 0 0 0
0 0 0.906329 0 0 0 0 0 0 0 0
0 0 0.135368 0 0 0 0 0 0 0 0
0 0 0.570248 0 0 0 0 0 0 0 0
0 0 0.644444 0 0 0 0 0 0 0 0
0 0 0.851211 0 0 0 0 0 0 0 0
0 0 0.904306 0 0 0 0 0 0 0 0
0 0 0.715464 0 0 0 0 0 0 0 0
0 0 0.495146 0 0 0 0 0 0 0 0
0 0 0.20354 0 0 0 0 0 0 0 0
0 0 0.775 0 0 0 0 0 0 0 0
0 0 0.553304 0 0 0 0 0 0 0 0
0 0 0.653371 0 0 0 0 0 0 0 0
0 0 0.431408 0 0 0 0 0 0 0 0
0 0 0.625899 0 0 0 0 0 0 0 0
0 0 0.5625 0 0 0 0 0 0 0 0
0 0 0.193699 0 0 0 0 0 0 0 0
0 0 0.199679 0 0 0 0 0 0 0 0
0 0 0.637086 0 0 0 0 0 0 0 0
0 0 0.264901 0 0 0 0 0 0 0 0
0 0 0.04046 0 0 0 0 0 0 0 0
0 0 0.559441 0 0 0 0 0 0 0 0
0 0 0.1375 0 0 0 0 0 0 0 0
0 0 0.0327908 0 0 0 0 0 0 0 0
0 0 0.193662 0 0 0 0 0 0 0 0
0 0 0.22541 0 0 0 0 0 0 0 0
0 0 0.20922 0 0 0 0 0 0 0 0
0 0 0.104097 0 0 0 0 0 0 0 0
0 0 0.0954064 0 0 0 0 0 0 0 0
0 0 0.621124 0 0 0 0 0 0 0 0
0 0 0.045239 0 0 0 0 0 0 0 0
0 0 0.104294 0 0 0 0 0 0 0 0
0 0 0.100969 0 0 0 0 0 0 0 0
0 0 0.0882902 0 0 0 0 0 0 0 0
0 0 0.0881841 0 0 0 0 0 0 0 0
0 0 0.520792 0 0 0 0 0 0 0 0
0 0 0.379152 0 0 0 0 0 0 0 0
0 0 0.652747 0 0 0 0 0 0 0 0
0 0 0.750466 0 0 0 0 0 0 0 0
0 0 0.50591 0 0 0 0 0 0 0 0
0 0 0.585608 0 0 0 0 0 0 0 0
0 0 0.513423 0 0 0 0 0 0 0 0
0 0 0.686275 0 0 0 0 0 0 0 0
0 0 0.0719178 0 0 0 0 0 0 0 0
0 0 0.57385 0 0 0 0 0 0 0 0
0 0 0.0651189 0 0 0 0 0 0 0 0
0 0 0.865672 0 0 0 0 0 0 0 0
0 0 0.480562 0 0 0 0 0 0 0 0
0 0 0.450565 0 0 0 0 0 0 0 0
0 0 0.922636 0 0 0 0 0 0 0 0
0 0 0.887967 0 0 0 0 0 0 0 0
0 0 0.755556 0 0 0 0 0 0 0 0
0 0 0.906329 0 0 0 0 0 0 0 0
0 0 0.92562 0 0 0 0 0 0 0 0
0 0 0.570248 0 0 0 0 0 0 0 0
0 0 0.644444 0 0 0 0 0 0 0 0
0 0 0.851211 0 0 0 0 0 0 0 0
0 0 0.904306 0 0 0 0 0 0 0 0
0 0 0.715464 0 0 0 0 0 0 0 0
0 0 0.495146 0 0 0 0 0 0 0 0
0 0 0.20354 0 0 0 0 0 0 0 0
0 0 0.775 0 0 0 0 0 0 0 0
0 0 0.553304 0 0 0 0 0 0 0 0
0 0 0.653371 0 0 0 0 0 0 0 0
0 0 0.431408 0 0 0 0 0 0 0 0
0 0 0.625899 0 0 0 0 0 0 0 0
0 0 0.5625 0 0 0 0 0 0 0 0
0 0 0.193699 0 0 0 0 0 0 0 0
0 0 0.206573 0 0 0 0 0 0 0 0
0 0 0.637086 0 0 0 0 0 0 0 0
0 0 0.264901 0 0 0 0 0 0 0 0
0 0 0.04046 0 0 0 0 0 0 0 0
0 0 0.553147 0 0 0 0 0 0 0 0
0 0 0.1375 0 0 0 0 0 0 0 0
0 0 0.0327908 0 0 0 0 0 0 0 0
0 0 0.193662 0 0 0 0 0 0 0 0
0 0 0.22541 0 0 0 0 0 0 0 0
0 0 0.20922 0 0 0 0 0 0 0 0
0 0 0.104097 0 0 0 0 0 0 0 0
0 0 0.0954064 0 0 0 0 0 0 0 0
0 0 0.0651189 0 0 0 0 0 0 0 0
0 0 0.865672 0 0 0 0 0 0 0 0
0 0 0.480562 0 0 0 0 0 0 0 0
0 0 0.450565 0 0 0 0 0 0 0 0
0 0 0.922636 0 0 0 0 0 0 0 0
0 0 0.887967 0 0 0 0 0 0 0 0
0 0 0.755556 0 0 0 0 0 0 0 0
0 0 0.906329 0 0 0 0 0 0 0 0
0 0 0.92562 0 0 0 0 0 0 0 0
0 0 0.570248 0 0 0 0 0 0 0 0
0 0 0.862069 0 0 0 0 0 0 0 0
0 0 0.851211 0 0 0 0 0 0 0 0
0 0 0.904306 0 0 0 0 0 0 0 0
0 0 0.715464 0 0 0 0 0 0 0 0
0 0 0.495146 0 0 0 0 0 0 0 0
0 0 0.20354 0 0 0 0 0 0 0 0
0 0 0.775 0 0 0 0 0 0 0 0
0 0 0.553304 0 0 0 0 0 0 0 0
0 0 0.653371 0 0 0 0 0 0 0 0
0 0 0.431408 0 0 0 0 0 0 0 0
0 0 0.625899 0 0 0 0 0 0 0 0
0 0 0.5625 0 0 0 0 0 0 0 0
0 0 0.193699 0 0 0 0 0 0 0 0
0 0 0.344764 0 0 0 0 0 0 0 0
0 0 0.637086 0 0 0 0 0 0 0 0
0 0 0.264901 0 0 0 0 0 0 0 0
0 0 0.04046 0 0 0 0 0 0 0 0
0 0 0.574825 0 0 0 0 0 0 0 0
0 0 0.1375 0 0 0 0 0 0 0 0
0 0 0.0327908 0 0 0 0 0 0 0 0
0 0 0.193662 0 0 0 0 0 0 0 0
0 0 0.22541 0 0 0 0 0 0 0 0
0 0 0.20922 0 0 0 0 0 0 0 0
0 0 0.104097 0 0 0 0 0 0 0 0
0 0 0.0954064 0 0 0 0 0 0 0 0
0 0 0.160714 0 0 0 0 0 0 0 0
0 0 0.184953 0 0 0 0 0 0 0 0
0 0 0.181818 0 0 0 0 0 0 0 0
0 0 0.196203 0 0 0 0 0 0 0 0
0 0 0.225166 0 0 0 0 0 0 0 0
0 0 0.0710835 0 0 0 0 0 0 0 0
0 0 0.0966387 0 0 0 0 0 0 0 0
0 0 0.205056 0 0 0 0 0 0 0 0
0 0 0.189474 0 0 0 0 0 0 0 0
0 0 0.226744 0 0 0 0 0 0 0 0
0 0 0.0701872 0 0 0 0 0 0 0 0
0 0 0.0632689 0 0 0 0 0 0 0 0
0 0 0.15894 0 0 0 0 0 0 0 0
0 0 0.145695 0 0 0 0 0 0 0 0
0 0 0.0651189 0 0 0 0 0 0 0 0
0 0 0.865672 0 0 0 0 0 0 0 0
0 0 0.480562 0 0 0 0 0 0 0 0
0 0 0.450565 0 0 0 0 0 0 0 0
0 0 0.922636 0 0 0 0 0 0 0 0
0 0 0.887967 0 0 0 0 0 0 0 0
0 0 0.755556 0 0 0 0 0 0 0 0
0 0 0.906329 0 0 0 0 0 0 0 0
0 0 0.92562 0 0 0 0 0 0 0 0
0 0 0.570248 0 0 0 0 0 0 0 0
0 0 0.644444 0 0 0 0 0 0 0 0
0 0 0.851211 0 0 0 0 0 0 0 0
0 0 0.904306 0 0 0 0 0 0 0 0
0 0 0.715464 0 0 0 0 0 0 0 0
0 0 0.495146 0 0 0 0 0 0 0 0
0 0 0.20354 0 0 0 0 0 0 0 0
0 0 0.775 0 0 0 0 0 0 0 0
0 0 0.553304 0 0 0 0 0 0 0 0
0 0 0.653371 0 0 0 0 0 0 0 0
0 0 0.431408 0 0 0 0 0 0 0 0
0 0 0.625899 0 0 0 0 0 0 0 0
0 0 0.5625 0 0 0 0 0 0 0 0
0 0 0.193699 0 0 0 0 0 0 0 0
0 0 0.212291 0 0 0 0 0 0 0 0
0 0 0.637086 0 0 0 0 0 0 0 0
0 0 0.264901 0 0 0 0 0 0 0 0
0 0 0.04046 0 0 0 0 0 0 0 0
0 0 0.561538 0 0 0 0 0 0 0 0
0 0 0.1375 0 0 0 0 0 0 0 0
0 0 0.0327908 0 0 0 0 0 0 0 0
0 0 0.193662 0 0 0 0 0 0 0 0
0 0 0.22541 0 0 0 0 0 0 0 0
0 0 0.20922 0 0 0 0 0 0 0 0
0 0 0.104097 0 0 0 0 0 0 0 0
0 0 0.0954064 0 0 0 0 0 0 0 0
1 1 0.986033 0 0 0 0 10.22 5.38 50 0
1 1 0.159772 0 0 0 0 11.92 6.66 66.67 0
1 1 0.75188 0 0 0 0 10.15 5.4 100 0
1 0 0.690909 0 0 0 0 0 0 0 0
1 0 0.633333 0 0 0 0 0 0 0 0
0 0 0.544444 0 0 0 0 0 0 0 0
0 0 0.707692 0 0 0 0 0 0 0 0
1 0 0.673554 0 0 0 0 0 0 0 0
1 0 0.865497 0 0 0 0 0 0 0 0
1 0 0.62 0 0 0 0 0 0 0 0
1 0 0.690909 0 0 0 0 0 0 0 0
1 0 0.633333 0 0 0 0 0 0 0 0
0 0 0.544444 0 0 0 0 0 0 0 0
0 0 0.707692 0 0 0 0 0 0 0 0
1 0 0.673554 0 0 0 0 0 0 0 0
1 0 0.865497 0 0 0 0 0 0 0 0
1 0 0.62 0 0 0 0 0 0 0 0
1 0 0.690909 0 0 0 0 0 0 0 0
1 0 0.633333 0 0 0 0 0 0 0 0
0 0 0.544444 0 0 0 0 0 0 0 0
0 0 0.707692 0 0 0 0 0 0 0 0
1 0 0.673554 0 0 0 0 0 0 0 0
1 0 0.865497 0 0 0 0 0 0 0 0
1 0 0.62 0 0 0 0 0 0 0 0
1 1 0.244444 0 0 0 0 14.09 8.68 100 0
1 1 0.75 0 0 0 0 14.71 9.44 100 0
0 0 0.171975 0 0 0 0 0 0 0 0
1 1 0.84375 0 0 0 0 14.58 9.44 100 0
1 1 0.804196 0 0 0 0 12.64 8.21 90.91 0
1 1 0.635838 0 0 0 0 10.88 6.56 100 0
1 0 0.568047 0 0 0 0 0 0 0 0
0 0 0.545455 0 0 0 0 0 0 0 0
1 0 0.668966 0 0 0 0 0 0 0 0
1 1 0.468085 0 0 0 0 14.03 8.61 0 0
1 1 0.617284 0 0 0 0 7.06 3.79 100 0
0 0 0.216346 0 0 0 0 0 0 0 0
1 1 0.453488 0 0 0 0 14.32 9.13 40 0
1 1 0.780591 0 0 0 0 7.13 3.72 33.33 0
0 0 0.566038 0 0 0 0 0 0 0 0
0 0 0.734266 0 0 0 0 0 0 0 0
0 0 0.246973 0 0 0 0 0 0 0 0
0 0 0.0311483 0 0 0 0 0 0 0 0
1 1 0.456063 0 0 0 0 10.03 6.37 0 0
0 0 0.212192 0 0 0 0 0 0 0 0
0 0 0.244658 0 0 0 0 0 0 0 0
0 0 0.605042 0 0 0 0 0 0 0 0
0 0 0.376662 0 0 0 0 0 0 0 0
1 1 0.698795 0 0 0 0 14.62 9.42 100 0
1 0 0.385965 0 0 0 0 14.56 8.87 100 0
1 0 0.728723 0 0 0 0 15.13 11.84 100 0
1 1 0.454545 0 0 0 0 14.13 8.62 0 0
0 0 0.172185 0 0 0 0 0 0 0 0
1 1 0.453237 0 0 0 0 11.64 6.99 0 0
1 0 0.497619 0 0 0 0 10.35 6 100 0
1 1 0.693157 0 0 0 0 6.67 4.71 100 0
1 1 0.329545 0 0 0 0 6.29 4.96 100 0
1 1 0.505906 0 0 0 0 6.16 4.39 80 0
0 0 0.375878 0 0 0 0 0 0 0 0
0 0 0.120468 0 0 0 0 0 0 0 0
0 0 0.11811 0 0 0 0 0 0 0 0
1 1 0.412698 0 0 0 0 7.09 5.61 0 0
0 0 0.576779 0 0 0 0 0 0 0 0
1 1 0.601604 0 0 0 0 7.48 5.87 0 0
0 0 0.134574 0 0 0 0 0 0 0 0
1 1 0.822581 0 0 0 0 6.21 4.53 100 0
1 1 0.480929 0 0 0 0 6.5 4.87 100 0
1 1 0.512141 0 0 0 0 6.13 4.44 100 0
1 1 0.622419 0 0 0 0 6.78 5.4 69.23 0
1 1 0.383529 0 0 0 0 6.13 4.44 100 0
1 1 0.561779 0 0 0 0 7.04 6.04 100 0
1 1 0.733333 0 0 0 0 7.36 5.91 85.71 0
1 1 0.445205 0 0 0 0 7 4.98 80 0
0 0 0.210332 0 0 0 0 0 0 0 0
0 0 0.357198 0 0 0 0 0 0 0 0
1 1 0.767327 0 0 0 0 25.4 18.11 80 0
1 1 0.802885 0 0 0 0 25.96 18.72 80 0
1 1 0.509615 0 0 0 0 9.39 5.59 100 0
1 1 0.56869 0 0 0 0 16.5 10.64 87.5 0
0 0 0.945455 0 0 0 0 0 0 0 0
0 0 0.872928 0 0 0 0 0 0 0 0
0 0 0.428571 0 0 0 0 0 0 0 0
0 0 0.991228 0 0 0 0 0 0 0 0
0 0 0.636842 0 0 0 0 0 0 0 0
0 0 0.654167 0 0 0 0 0 0 0 0
0 0 0.86875 0 0 0 0 0 0 0 0
0 0 0.684647 0 0 0 0 0 0 0 0
0 0 0.769531 0 0 0 0 0 0 0 0
0 0 0.713768 0 0 0 0 0 0 0 0
0 0 0.744417 0 0 0 0 0 0 0 0
0 0 0.316909 0 0 0 0 0 0 0 0
0 0 0.102564 0 0 0 0 0 0 0 0
0 0 0.0976562 0 0 0 0 0 0 0 0
0 0 0.0825959 0 0 0 0 0 0 0 0
0 0 0.0830078 0 0 0 0 0 0 0 0
0 0 0.151803 0 0 0 0 0 0 0 0
0 0 0.106445 0 0 0 0 0 0 0 0
0 0 0.302387 0 0 0 0 0 0 0 0
0 0 0.311671 0 0 0 0 0 0 0 0
0 0 0.333726 0 0 0 0 0 0 0 0
0 0 0.43956 0 0 0 0 0 0 0 0
0 0 0.325 0 0 0 0 0 0 0 0
0 0 0.883333 0 0 0 0 0 0 0 0
0 0 0.634375 0 0 0 0 0 0 0 0
0 0 0.641873 0 0 0 0 0 0 0 0
0 0 0.814286 0 0 0 0 0 0 0 0
0 0 0.945455 0 0 0 0 0 0 0 0
0 0 0.872928 0 0 0 0 0 0 0 0
0 0 0.428571 0 0 0 0 0 0 0 0
0 0 0.991228 0 0 0 0 0 0 0 0
0 0 0.636842 0 0 0 0 0 0 0 0
0 0 0.654167 0 0 0 0 0 0 0 0
0 0 0.86875 0 0 0 0 0 0 0 0
0 0 0.684647 0 0 0 0 0 0 0 0
0 0 0.769531 0 0 0 0 0 0 0 0
0 0 0.713768 0 0 0 0 0 0 0 0
0 0 0.744417 0 0 0 0 0 0 0 0
0 0 0.325 0 0 0 0 0 0 0 0
0 0 0.945455 0 0 0 0 0 0 0 0
0 0 0.872928 0 0 0 0 0 0 0 0
0 0 0.428571 0 0 0 0 0 0 0 0
0 0 0.991228 0 0 0 0 0 0 0 0
0 0 0.636842 0 0 0 0 0 0 0 0
0 0 0.654167 0 0 0 0 0 0 0 0
0 0 0.86875 0 0 0 0 0 0 0 0
0 0 0.684647 0 0 0 0 0 0 0 0
0 0 0.769531 0 0 0 0 0 0 0 0
0 0 0.713768 0 0 0 0 0 0 0 0
0 0 0.744417 0 0 0 0 0 0 0 0
0 0 0.325 0 0 0 0 0 0 0 0
0 0 0.945455 0 0 0 0 0 0 0 0
0 0 0.872928 0 0 0 0 0 0 0 0
0 0 0.428571 0 0 0 0 0 0 0 0
0 0 0.991228 0 0 0 0 0 0 0 0
0 0 0.636842 0 0 0 0 0 0 0 0
0 0 0.654167 0 0 0 0 0 0 0 0
0 0 0.86875 0 0 0 0 0 0 0 0
0 0 0.684647 0 0 0 0 0 0 0 0
0 0 0.769531 0 0 0 0 0 0 0 0
0 0 0.713768 0 0 0 0 0 0 0 0
0 0 0.744417 0 0 0 0 0 0 0 0
0 0 0.359885 0 0 0 0 0 0 0 0
0 0 0.600775 0 0 0 0 0 0 0 0
0 0 0.492395 0 0 0 0 0 0 0 0
0 0 0.421348 0 0 0 0 0 0 0 0
0 0 0.382716 0 0 0 0 0 0 0 0
0 0 0.35786 0 0 0 0 0 0 0 0
0 0 0.464516 0 0 0 0 0 0 0 0
0 0 0.417219 0 0 0 0 0 0 0 0
0 0 0.497217 0 0 0 0 0 0 0 0
0 0 0.346584 0 0 0 0 0 0 0 0
0 0 0.325 0 0 0 0 0 0 0 0
0 0 0.945455 0 0 0 0 0 0 0 0
0 0 0.872928 0 0 0 0 0 0 0 0
0 0 0.428571 0 0 0 0 0 0 0 0
0 0 0.991228 0 0 0 0 0 0 0 0
0 0 0.636842 0 0 0 0 0 0 0 0
0 0 0.654167 0 0 0 0 0 0 0 0
0 0 0.86875 0 0 0 0 0 0 0 0
0 0 0.684647 0 0 0 0 0 0 0 0
0 0 0.769531 0 0 0 0 0 0 0 0
0 0 0.713768 0 0 0 0 0 0 0 0
0 0 0.744417 0 0 0 0 0 0 0 0
0 0 0.325 0 0 0 0 0 0 0 0
0 0 0.0986301 0 0 0 0 0 0 0 0
0 0 0.127559 0 0 0 0 0 0 0 0
0 0 0.685185 0 0 0 0 0 0 0 0
1 1 0.571429 0 0 0 0 13.97 9.02 66.67 0
1 1 0.849057 0 0 0 0 14.34 9.22 100 0
1 1 0.921053 0 0 0 0 14.32 9.22 100 0
1 1 0.974359 0 0 0 0 14.32 9.22 100 0
1 0 0.933333 0 0 0 0 14.67 9.45 100 0
0 0 0.255708 0 0 0 0 0 0 0 0
1 1 0.921739 0 0 0 0 15.11 9.83 100 0
1 1 0.923611 0 0 0 0 15.09 10.09 100 0
1 1 0.68932 0 0 0 0 15.06 9.83 100 0
1 1 0.543624 0 0 0 0 14.33 8.87 85.71 0
1 1 0.584906 0 0 0 0 14.92 9.72 100 0
1 0 0.583333 0 0 0 0 14.76 9.35 88.89 0
0 0 0.174202 0 0 0 0 0 0 0 0
0 0 0.210896 0 0 0 0 0 0 0 0
1 0 0.640625 0 0 0 0 14.99 9.91 100 0
1 1 0.588462 0 0 0 0 14.75 9.55 60 0
1 0 0.705426 0 0 0 0 14.43 9.49 100 0
1 1 0.637363 0 0 0 0 15.26 10.07 100 0
1 0 0.246809 0 0 0 0 4.18 2.09 100 0
1 1 0.780488 0 0 0 0 4.44 2.26 100 0
0 0 0.650386 0 0 0 0 0 0 0 0
0 0 0.665493 0 0 0 0 0 0 0 0
0 0 0.216129 0 0 0 0 0 0 0 0
0 0 0.318328 0 0 0 0 0 0 0 0
0 0 0.275862 0 0 0 0 0 0 0 0
0 0 0.665493 0 0 0 0 0 0 0 0
0 0 0.216129 0 0 0 0 0 0 0 0
0 0 0.318328 0 0 0 0 0 0 0 0
0 0 0.275862 0 0 0 0 0 0 0 0
0 0 0.665493 0 0 0 0 0 0 0 0
0 0 0.216129 0 0 0 0 0 0 0 0
0 0 0.318328 0 0 0 0 0 0 0 0
0 0 0.275862 0 0 0 0 0 0 0 0
1 1 0.755435 0 0 0 0 14.28 8.72 0 0
1 1 0.729167 0 0 0 0 14.28 8.69 0 0
1 0 0.439074 0 0 0 0 14.16 8.77 16.67 0
0 0 0.088488 0 0 0 0 0 0 0 0
1 0 0.927711 0 0 0 0 13.98 8.7 100 0
0 0 0.618375 0 0 0 0 0 0 0 0
0 0 0.8 0 0 0 0 0 0 0 0
1 1 0.657993 0 0 0 0 12.73 7.91 0 0
1 1 0.955556 0 0 0 0 12.37 7.91 60 0
1 1 0.956204 0 0 0 0 12.37 7.91 60 0
1 1 0.734177 0 0 0 0 22.75 16.43 58.33 0
1 1 0.786458 0 0 0 0 22.75 16.43 58.33 0
1 1 0.65625 0 0 0 0 22.79 16.45 50 0
1 1 0.695876 0 0 0 0 22.77 16.45 70 0
1 1 0.701031 0 0 0 0 22.67 16.45 100 0
0 0 0.75 0 0 0 0 0 0 0 0
0 0 0.966667 0 0 0 0 0 0 0 0
0 0 0.525755 0 0 0 0 0 0 0 0
0 0 0.18543 0 0 0 0 0 0 0 0
0 0 0.165563 0 0 0 0 0 0 0 0
0 0 0.172185 0 0 0 0 0 0 0 0
0 0 0.677966 0 0 0 0 0 0 0 0
0 0 0.690323 0 0 0 0 0 0 0 0
0 0 0.357377 0 0 0 0 0 0 0 0
1 1 0.546288 0 0 0 0 16 10.52 31.43 0
0 0 0.604651 0 0 0 0 0 0 0 0
0 0 0.754098 0 0 0 0 0 0 0 0
0 0 0.0330579 0 0 0 0 0 0 0 0
0 0 0.745763 0 0 0 0 0 0 0 0
0 0 0.901961 0 0 0 0 0 0 0 0
0 0 0.893617 0 0 0 0 0 0 0 0
0 0 0.541985 0 0 0 0 0 0 0 0
0 0 0.523529 0 0 0 0 0 0 0 0
0 0 0.690909 0 0 0 0 0 0 0 0
0 0 0.633333 0 0 0 0 0 0 0 0
0 0 0.544444 0 0 0 0 0 0 0 0
0 0 0.707692 0 0 0 0 0 0 0 0
0 0 0.673554 0 0 0 0 0 0 0 0
0 0 0.865497 0 0 0 0 0 0 0 0
0 0 0.62 0 0 0 0 0 0 0 0
0 0 0.690909 0 0 0 0 0 0 0 0
0 0 0.633333 0 0 0 0 0 0 0 0
0 0 0.544444 0 0 0 0 0 0 0 0
0 0 0.707692 0 0 0 0 0 0 0 0
0 0 0.673554 0 0 0 0 0 0 0 0
0 0 0.865497 0 0 0 0 0 0 0 0
0 0 0.62 0 0 0 0 0 0 0 0
0 0 0.189655 0 0 0 0 0 0 0 0
0 0 0.204 0 0 0 0 0 0 0 0
1 0 0.496403 0 0 0 0 13.53 8.26 100 0
1 0 0.516304 0 0 0 0 9.75 5.69 100 0
1 1 0.604317 0 0 0 0 9.29 5.09 0 0
1 1 0.958589 0 0 0 0 9.11 5.03 0 0
1 1 0.968872 0 0 0 0 9.42 5.09 50 0
1 0 0.546392 0 0 0 0 8.64 5.05 100 0
1 1 0.597122 0 0 0 0 8.23 4.52 0 0
1 1 0.957121 0 0 0 0 8.07 4.47 0 0
1 1 0.968872 0 0 0 0 8.34 4.52 50 0
0 0 0.604651 0 0 0 0 0 0 0 0
0 0 0.391794 0 0 0 0 0 0 0 0
0 0 0.463357 0 0 0 0 0 0 0 0
0 0 0.324074 0 0 0 0 0 0 0 0
0 0 0.4 0 0 0 0 0 0 0 0
0 0 0.473165 0 0 0 0 0 0 0 0
0 0 0.467153 0 0 0 0 0 0 0 0
0 0 0.152752 0 0 0 0 0 0 0 0
0 0 0.183936 0 0 0 0 0 0 0 0
0 0 0.063384 0 0 0 0 0 0 0 0
0 0 0.599647 0 0 0 0 0 0 0 0
0 0 0.60299 0 0 0 0 0 0 0 0
0 0 0.271333 0 0 0 0 0 0 0 0
0 0 0.431858 0 0 0 0 0 0 0 0
0 0 0.363023 0 0 0 0 0 0 0 0
0 0 0.252137 0 0 0 0 0 0 0 0
0 0 0.126918 0 0 0 0 0 0 0 0
0 0 0.4608 0 0 0 0 0 0 0 0
0 0 0.152941 0 0 0 0 0 0 0 0
0 0 0.0440346 0 0 0 0 0 0 0 0
1 1 0.85567 0 0 0 0 21.63 15.94 81.82 0
0 0 0.77095 0 0 0 0 0 0 0 0
0 0 0.921569 0 0 0 0 0 0 0 0
0 0 0.768769 0 0 0 0 0 0 0 0
0 0 0.995283 0 0 0 0 0 0 0 0
0 0 0.592308 0 0 0 0 0 0 0 0
0 0 0.729167 0 0 0 0 0 0 0 0
0 0 0.319672 0 0 0 0 0 0 0 0
0 0 0.736842 0 0 0 0 0 0 0 0
0 0 0.484185 0 0 0 0 0 0 0 0
0 0 0.292398 0 0 0 0 0 0 0 0
0 0 0.242788 0 0 0 0 0 0 0 0
0 0 0.678049 0 0 0 0 0 0 0 0
0 0 0.408408 0 0 0 0 0 0 0 0
0 0 0.290909 0 0 0 0 0 0 0 0
0 0 0.704918 0 0 0 0 0 0 0 0
0 0 0.164221 0 0 0 0 0 0 0 0
0 0 0.0371786 0 0 0 0 0 0 0 0
0 0 0.562842 0 0 0 0 0 0 0 0
0 0 0.688312 0 0 0 0 0 0 0 0
0 0 0.605517 0 0 0 0 0 0 0 0
0 0 0.941558 0 0 0 0 0 0 0 0
0 0 0.414013 0 0 0 0 0 0 0 0
0 0 0.401639 0 0 0 0 0 0 0 0
0 0 0.747253 0 0 0 0 0 0 0 0
0 0 0.581994 0 0 0 0 0 0 0 0
0 0 0.585938 0 0 0 0 0 0 0 0
0 0 0.833333 0 0 0 0 0 0 0 0
0 0 0.050885 0 0 0 0 0 0 0 0
0 0 0.159722 0 0 0 0 0 0 0 0
0 0 0.152989 0 0 0 0 0 0 0 0
0 0 0.50899 0 0 0 0 0 0 0 0
0 0 0.197368 0 0 0 0 0 0 0 0
0 0 0.230318 0 0 0 0 0 0 0 0
0 0 0.520211 0 0 0 0 0 0 0 0
0 0 0.979167 0 0 0 0 0 0 0 0
0 0 0.230769 0 0 0 0 0 0 0 0
0 0 0.746667 0 0 0 0 0 0 0 0
0 0 0.75 0 0 0 0 0 0 0 0
0 0 0.586957 0 0 0 0 0 0 0 0
0 0 0.456044 0 0 0 0 0 0 0 0
0 0 0.742664 0 0 0 0 0 0 0 0
0 0 0.986111 0 0 0 0 0 0 0 0
0 0 0.794521 0 0 0 0 0 0 0 0
0 0 0.826577 0 0 0 0 0 0 0 0
0 0 0.612903 0 0 0 0 0 0 0 0
0 0 0.805714 0 0 0 0 0 0 0 0
0 0 0.370504 0 0 0 0 0 0 0 0
0 0 0.898527 0 0 0 0 0 0 0 0
0 0 0.64966 0 0 0 0 0 0 0 0
0 0 0.749674 0 0 0 0 0 0 0 0
0 0 0.99187 0 0 0 0 0 0 0 0
0 0 0.767075 0 0 0 0 0 0 0 0
0 0 0.346667 0 0 0 0 0 0 0 0
0 0 0.69434 0 0 0 0 0 0 0 0
0 0 0.723735 0 0 0 0 0 0 0 0
0 0 0.876448 0 0 0 0 0 0 0 0
0 0 0.458599 0 0 0 0 0 0 0 0
0 0 0.404762 0 0 0 0 0 0 0 0
0 0 0.640909 0 0 0 0 0 0 0 0
0 0 0.418522 0 0 0 0 0 0 0 0
0 0 0.525573 0 0 0 0 0 0 0 0
0 0 0.647321 0 0 0 0 0 0 0 0
0 0 0.458599 0 0 0 0 0 0 0 0
0 0 0.404762 0 0 0 0 0 0 0 0
0 0 0.640909 0 0 0 0 0 0 0 0
0 0 0.418522 0 0 0 0 0 0 0 0
0 0 0.525573 0 0 0 0 0 0 0 0
0 0 0.647321 0 0 0 0 0 0 0 0
0 0 0.297813 0 0 0 0 0 0 0 0
0 0 0.458599 0 0 0 0 0 0 0 0
1 1 0.404762 0 0 0 0 7.48 4.72 100 0
1 1 0.640909 0 0 0 0 6.97 4.53 83.33 0
1 1 0.418522 0 0 0 0 8.22 6.31 69.44 0
1 1 0.525573 0 0 0 0 7.17 4.64 40.91 0
1 1 0.647321 0 0 0 0 10.22 6.53 83.33 0
0 0 0.241186 0 0 0 0 0 0 0 0
1 1 0.682975 0 0 0 0 11.97 7.52 33.33 0
1 1 0.473469 0 0 0 0 20.62 14.14 64.71 0
1 1 0.96131 0 0 0 0 9.96 5.68 100 0
0 0 0.432203 0 0 0 0 0 0 0 0
1 1 0.639004 0 0 0 0 15.96 11 75 0
0 0 0.143351 0 0 0 0 0 0 0 0
1 0 0.658031 0 0 0 0 14.87 9.59 100 0
0 0 0.205298 0 0 0 0 0 0 0 0
0 0 0.057942 0 0 0 0 0 0 0 0
0 0 0.177419 0 0 0 0 0 0 0 0
0 0 0.173684 0 0 0 0 0 0 0 0
0 0 0.0988075 0 0 0 0 0 0 0 0
0 0 0.186813 0 0 0 0 0 0 0 0
0 0 0.18543 0 0 0 0 0 0 0 0
0 0 0.506024 0 0 0 0 0 0 0 0
1 0 0.51503 0 0 0 0 14.68 9.13 45 0
1 1 0.560976 0 0 0 0 15.64 10.05 100 0
0 0 0.140655 0 0 0 0 0 0 0 0
0 0 0.15 0 0 0 0 0 0 0 0
0 0 0.301075 0 0 0 0 0 0 0 0
0 0 0.333333 0 0 0 0 0 0 0 0
0 0 0.091047 0 0 0 0 0 0 0 0
0 0 0.446483 0 0 0 0 0 0 0 0
0 0 0.716456 0 0 0 0 0 0 0 0
1 1 0.592965 0 0 0 0 4.91 2.81 50 0
0 0 0.575472 0 0 0 0 0 0 0 0
0 0 0.486295 0 0 0 0 0 0 0 0
0 0 0.5173 0 0 0 0 0 0 0 0
0 0 0.718137 0 0 0 0 0 0 0 0
0 0 0.531034 0 0 0 0 0 0 0 0
1 0 0.44898 0 0 0 0 4.74 2.6 0 0
1 1 0.603524 0 0 0 0 5 2.81 40 0
1 1 0.87234 0 0 0 0 5 2.87 100 0
0 0 0.39881 0 0 0 0 0 0 0 0
0 0 0.416076 0 0 0 0 0 0 0 0
0 0 0.360963 0 0 0 0 0 0 0 0
1 1 0.486842 0 0 0 0 4.88 2.82 100 0
0 0 0.568465 0 0 0 0 0 0 0 0
1 1 0.543307 0 0 0 0 10.94 7.03 0 0
1 1 0.496203 0 0 0 0 20.84 14.91 84.62 0
1 1 0.543307 0 0 0 0 10.94 7.03 0 0
1 1 0.496203 0 0 0 0 20.84 14.91 84.62 0
0 0 0.597285 0 0 0 0 0 0 0 0
1 1 0.555556 0 0 0 0 8.3 4.97 100 0
1 0 0.547493 0 0 0 0 9.16 6.01 48 0
0 0 0.15865 0 0 0 0 0 0 0 0
0 0 0.641509 0 0 0 0 0 0 0 0
1 0 0.686046 0 0 0 0 8.57 4.55 100 0
1 1 0.689815 0 0 0 0 8.25 5.11 100 0
1 0 0.563063 0 0 0 0 8.21 4.87 100 0
0 0 0.402998 0 0 0 0 0 0 0 0
0 0 0.235323 0 0 0 0 0 0 0 0
0 0 0.623529 0 0 0 0 0 0 0 0
1 1 0.279671 0 0 0 0 8.32 5.06 41.67 0
1 1 0.219144 0 0 0 0 7.65 4.41 0 0
1 1 0.654155 0 0 0 0 15.86 11.51 27.27 0
0 0 0.2 0 0 0 0 0 0 0 0
0 0 0.141942 0 0 0 0 0 0 0 0
0 0 0.175439 0 0 0 0 0 0 0 0
0 0 0.18543 0 0 0 0 0 0 0 0
0 0 0.211921 0 0 0 0 0 0 0 0
1 1 0.895105 0 0 0 0 10.63 5.92 81.82 0
1 1 0.855556 0 0 0 0 12.78 8.99 66.67 0
1 1 0.490085 0 0 0 0 10.45 5.87 40 0
1 1 0.739583 0 0 0 0 9.63 5.54 0 0
1 1 0.969136 0 0 0 0 9.98 5.66 100 0
1 1 0.581967 0 0 0 0 9.8 5.88 100 0
1 1 0.739726 0 0 0 0 9.85 5.89 100 0
1 1 0.420643 0 0 0 0 7.97 5.1 23.33 0
1 1 0.817204 0 0 0 0 5.4 3.42 100 0
0 0 0.11339 0 0 0 0 0 0 0 0
0 0 0.126797 0 0 0 0 0 0 0 0
0 0 0.114548 0 0 0 0 0 0 0 0
0 0 0.147482 0 0 0 0 0 0 0 0
0 0 0.168467 0 0 0 0 0 0 0 0
1 1 0.622539 0 0 0 0 8.17 5.74 0 0
0 0 0.289519 0 0 0 0 0 0 0 0
1 1 0.470472 0 0 0 0 4.37 2.69 76.92 0
1 1 0.804348 0 0 0 0 3.58 2 83.33 0
0 0 0.513158 0 0 0 0 0 0 0 0
0 0 0.289137 0 0 0 0 0 0 0 0
1 1 0.98 0 0 0 0 3.54 1.96 100 0
0 0 0.426295 0 0 0 0 0 0 0 0
0 0 0.273109 0 0 0 0 0 0 0 0
0 0 0.72549 0 0 0 0 0 0 0 0
0 0 0.435366 0 0 0 0 0 0 0 0
0 0 0.5 0 0 0 0 0 0 0 0
0 0 0.029272 0 0 0 0 0 0 0 0
0 0 0.0846847 0 0 0 0 0 0 0 0
0 0 0.404938 0 0 0 0 0 0 0 0
0 0 0.181586 0 0 0 0 0 0 0 0
0 0 0.154255 0 0 0 0 0 0 0 0
0 0 0.212 0 0 0 0 0 0 0 0
0 0 0.13073 0 0 0 0 0 0 0 0
0 0 0.794118 0 0 0 0 0 0 0 0
1 1 0.856183 0 0 0 0 20.36 13.79 45.83 0
1 1 0.566125 0 0 0 0 9.74 5.86 30.77 0
1 1 0.607422 0 0 0 0 9.74 5.86 23.53 0
0 0 0.867403 0 0 0 0 0 0 0 0
0 0 0.951613 0 0 0 0 0 0 0 0
1 1 0.967742 0 0 0 0 14.65 9.47 100 0
1 1 0.803571 0 0 0 0 17.96 12.12 100 0
1 0 0.297872 0 0 0 0 14.36 8.82 100 0
1 1 0.967742 0 0 0 0 14.65 9.47 100 0
1 1 0.803571 0 0 0 0 17.96 12.12 100 0
1 1 0.827586 0 0 0 0 14.65 9.47 100 0
0 0 0.53125 0 0 0 0 0 0 0 0
0 0 0.234907 0 0 0 0 0 0 0 0
1 1 0.805263 0 0 0 0 13.93 9.22 100 0
1 1 0.503401 0 0 0 0 16.97 11.26 100 0
1 1 0.70339 0 0 0 0 19.97 15.34 94.74 0
0 0 0.211921 0 0 0 0 0 0 0 0
0 0 0.178808 0 0 0 0 0 0 0 0
0 0 0.0650814 0 0 0 0 0 0 0 0
0 0 0.162679 0 0 0 0 0 0 0 0
0 0 0.122481 0 0 0 0 0 0 0 0
0 0 0.146341 0 0 0 0 0 0 0 0
0 0 0.187075 0 0 0 0 0 0 0 0
0 0 0.189655 0 0 0 0 0 0 0 0
0 0 0.179739 0 0 0 0 0 0 0 0
0 0 0.422951 0 0 0 0 0 0 0 0
0 0 0.501712 0 0 0 0 0 0 0 0
0 0 0.506734 0 0 0 0 0 0 0 0
0 0 0.518708 0 0 0 0 0 0 0 0
0 0 0.521664 0 0 0 0 0 0 0 0
0 0 0.493007 0 0 0 0 0 0 0 0
0 0 0.511824 0 0 0 0 0 0 0 0
0 0 0.254991 0 0 0 0 0 0 0 0
0 0 0.22056 0 0 0 0 0 0 0 0
0 0 0.557958 0 0 0 0 0 0 0 0
0 0 0.369769 0 0 0 0 0 0 0 0
0 0 0.535335 0 0 0 0 0 0 0 0
0 0 0.498634 0 0 0 0 0 0 0 0
0 0 0.162722 0 0 0 0 0 0 0 0
0 0 0.539157 0 0 0 0 0 0 0 0
0 0 0.546341 0 0 0 0 0 0 0 0
0 0 0.132203 0 0 0 0 0 0 0 0
0 0 0.783985 0 0 0 0 0 0 0 0
0 0 0.703146 0 0 0 0 0 0 0 0
0 0 0.872984 0 0 0 0 0 0 0 0
0 0 0.85332 0 0 0 0 0 0 0 0
0 0 0.536145 0 0 0 0 0 0 0 0
0 0 0.553996 0 0 0 0 0 0 0 0
0 0 0.61674 0 0 0 0 0 0 0 0
0 0 0.619318 0 0 0 0 0 0 0 0
0 0 0.900901 0 0 0 0 0 0 0 0
0 0 0.637874 0 0 0 0 0 0 0 0
0 0 0.638462 0 0 0 0 0 0 0 0
0 0 0.820896 0 0 0 0 0 0 0 0
0 0 0.69258 0 0 0 0 0 0 0 0
0 0 0.705699 0 0 0 0 0 0 0 0
0 0 0.247826 0 0 0 0 0 0 0 0
0 0 0.199475 0 0 0 0 0 0 0 0
0 0 0.19084 0 0 0 0 0 0 0 0
0 0 0.306049 0 0 0 0 0 0 0 0
0 0 0.791096 0 0 0 0 0 0 0 0
0 0 0.145833 0 0 0 0 0 0 0 0
0 0 0.44802 0 0 0 0 0 0 0 0
0 0 0.727273 0 0 0 0 0 0 0 0
0 0 0.767669 0 0 0 0 0 0 0 0
0 0 0.642857 0 0 0 0 0 0 0 0
0 0 0.270701 0 0 0 0 0 0 0 0
0 0 0.5452 0 0 0 0 0 0 0 0
0 0 0.444715 0 0 0 0 0 0 0 0
0 0 0.187354 0 0 0 0 0 0 0 0
0 0 0.314468 0 0 0 0 0 0 0 0
0 0 0.506868 0 0 0 0 0 0 0 0
0 0 0.700704 0 0 0 0 0 0 0 0
0 0 0.715686 0 0 0 0 0 0 0 0
0 0 0.140187 0 0 0 0 0 0 0 0
0 0 0.306045 0 0 0 0 0 0 0 0
0 0 0.595142 0 0 0 0 0 0 0 0
0 0 0.742857 0 0 0 0 0 0 0 0
0 0 0.52782 0 0 0 0 0 0 0 0
0 0 0.717602 0 0 0 0 0 0 0 0
0 0 0.565611 0 0 0 0 0 0 0 0
0 0 0.554348 0 0 0 0 0 0 0 0
1 1 0.353659 0 0 0 0 14.35 9.33 100 0
0 0 0.58794 0 0 0 0 0 0 0 0
0 0 0.404444 0 0 0 0 0 0 0 0
0 0 0.432558 0 0 0 0 0 0 0 0
0 0 0.298246 0 0 0 0 0 0 0 0
1 1 0.353659 0 0 0 0 14.35 9.33 100 0
1 0 0.986799 0 0 0 0 5 3.11 100 0
0 0 0.152318 0 0 0 0 0 0 0 0
1 0 0.990566 0 0 0 0 5.09 3.31 100 0
1 1 0.979798 0 0 0 0 4.67 3.02 0 0
0 0 0.428448 0 0 0 0 0 0 0 0
1 1 0.484966 0 0 0 0 15.36 9.9 0 0
0 0 0.37089 0 0 0 0 0 0 0 0
1 0 0.343284 0 0 0 0 13.64 8.85 100 0
0 0 0.430182 0 0 0 0 0 0 0 0
1 1 0.484966 0 0 0 0 13 7.91 0 0
0 0 0.393249 0 0 0 0 0 0 0 0
1 0 0.343284 0 0 0 0 11.53 7.07 100 0
0 0 0.371654 0 0 0 0 0 0 0 0
0 0 0.0534351 0 0 0 0 0 0 0 0
0 0 0.151366 0 0 0 0 0 0 0 0
0 0 0.685535 0 0 0 0 0 0 0 0
1 1 0.529851 0 0 0 0 12.45 7.29 90 0
0 0 0.425846 0 0 0 0 0 0 0 0
1 1 0.484966 0 0 0 0 13 7.91 0 0
0 0 0.393249 0 0 0 0 0 0 0 0
1 0 0.343284 0 0 0 0 11.53 7.07 100 0
0 0 0.374803 0 0 0 0 0 0 0 0
0 0 0.0534351 0 0 0 0 0 0 0 0
0 0 0.13448 0 0 0 0 0 0 0 0
0 0 0.654832 0 0 0 0 0 0 0 0
1 1 0.529851 0 0 0 0 12.45 7.29 90 0
0 0 0.430182 0 0 0 0 0 0 0 0
1 1 0.484966 0 0 0 0 12.96 7.88 0 0
0 0 0.37089 0 0 0 0 0 0 0 0
1 0 0.343284 0 0 0 0 11.5 7.04 100 0
1 1 0.376378 0 0 0 0 12.04 6.63 31.25 0
0 0 0.0534351 0 0 0 0 0 0 0 0
0 0 0.150445 0 0 0 0 0 0 0 0
0 0 0.685535 0 0 0 0 0 0 0 0
1 1 0.529851 0 0 0 0 12.42 7.26 90 0
1 0 0.450638 0 0 0 0 14.17 8.77 16.67 0
0 0 0.088488 0 0 0 0 0 0 0 0
0 0 0.524345 0 0 0 0 0 0 0 0
0 0 0.560976 0 0 0 0 0 0 0 0
1 0 0.706625 0 0 0 0 0 0 0 0
1 1 0.936364 0 0 0 0 8.19 5.15 100 0
0 0 0.657407 0 0 0 0 0 0 0 0
1 1 0.594675 0 0 0 0 12.33 7.67 100 0
0 0 0.433333 0 0 0 0 0 0 0 0
1 0 0.397331 0 0 0 0 9.55 5.34 100 0
0 0 0.490944 0 0 0 0 0 0 0 0
0 0 0.371069 0 0 0 0 0 0 0 0
1 1 0.428811 0 0 0 0 18.48 11.65 100 0
1 1 0.428811 0 0 0 0 18.48 11.65 100 0
1 0 0.728723 0 0 0 0 15.05 11.75 100 0
1 1 0.454545 0 0 0 0 14.13 8.62 0 0
0 0 0.172185 0 0 0 0 0 0 0 0
1 1 0.453237 0 0 0 0 11.64 6.99 0 0
1 1 0.444577 0 0 0 0 9.76 5.04 35 0
0 0 0.319438 0 0 0 0 0 0 0 0
0 0 0.328211 0 0 0 0 0 0 0 0
1 1 0.60274 0 0 0 0 15.31 9.81 100 0
1 1 0.473684 0 0 0 0 15.31 9.81 100 0
1 0 0.516304 0 0 0 0 9.75 5.69 100 0
1 1 0.604317 0 0 0 0 9.29 5.09 0 0
1 1 0.958589 0 0 0 0 9.11 5.03 0 0
1 1 0.968872 0 0 0 0 9.42 5.09 50 0
1 0 0.546392 0 0 0 0 8.64 5.05 100 0
1 1 0.597122 0 0 0 0 8.23 4.52 0 0
1 1 0.957121 0 0 0 0 8.07 4.47 0 0
1 1 0.968872 0 0 0 0 8.34 4.52 50 0
1 0 0.489028 0 0 0 0 15.63 10.06 100 0
1 0 0.497382 0 0 0 0 10.63 6.45 100 0
0 0 0.28907 0 0 0 0 0 0 0 0
0 0 0.0389037 0 0 0 0 0 0 0 0
1 0 0.559028 0 0 0 0 0 0 0 0
0 0 0.214286 0 0 0 0 0 0 0 0
0 0 0.436782 0 0 0 0 0 0 0 0
0 0 0.23125 0 0 0 0 0 0 0 0
1 1 0.738506 0 0 0 0 12.74 8.09 72.73 0
0 0 0.10596 0 0 0 0 0 0 0 0
0 0 0.150943 0 0 0 0 0 0 0 0
0 0 0.70603 0 0 0 0 0 0 0 0
1 1 0.592965 0 0 0 0 5.16 2.98 50 0
0 0 0.54717 0 0 0 0 0 0 0 0
0 0 0.0558265 0 0 0 0 0 0 0 0
0 0 0.5212 0 0 0 0 0 0 0 0
0 0 0.456803 0 0 0 0 0 0 0 0
0 0 0.718137 0 0 0 0 0 0 0 0
0 0 0.604545 0 0 0 0 0 0 0 0
1 0 0.520408 0 0 0 0 5.14 2.76 100 0
1 1 0.565957 0 0 0 0 5.25 2.99 40 0
1 1 0.879121 0 0 0 0 5.25 3.05 100 0
0 0 0.388 0 0 0 0 0 0 0 0
0 0 0.416076 0 0 0 0 0 0 0 0
0 0 0.371658 0 0 0 0 0 0 0 0
1 1 0.486842 0 0 0 0 5.12 2.99 100 0
0 0 0.150943 0 0 0 0 0 0 0 0
0 0 0.70603 0 0 0 0 0 0 0 0
1 1 0.592965 0 0 0 0 5.16 2.98 50 0
0 0 0.54717 0 0 0 0 0 0 0 0
0 0 0.0558265 0 0 0 0 0 0 0 0
0 0 0.5212 0 0 0 0 0 0 0 0
0 0 0.464135 0 0 0 0 0 0 0 0
0 0 0.718137 0 0 0 0 0 0 0 0
0 0 0.659794 0 0 0 0 0 0 0 0
1 0 0.520408 0 0 0 0 5.14 2.76 100 0
1 1 0.565957 0 0 0 0 5.25 2.99 40 0
1 1 0.879121 0 0 0 0 5.25 3.05 100 0
0 0 0.388 0 0 0 0 0 0 0 0
0 0 0.416076 0 0 0 0 0 0 0 0
0 0 0.371658 0 0 0 0 0 0 0 0
1 1 0.486842 0 0 0 0 5.12 2.99 100 0
0 0 0.150943 0 0 0 0 0 0 0 0
0 0 0.70603 0 0 0 0 0 0 0 0
1 1 0.592965 0 0 0 0 5.16 2.98 50 0
0 0 0.54717 0 0 0 0 0 0 0 0
0 0 0.0558265 0 0 0 0 0 0 0 0
0 0 0.5212 0 0 0 0 0 0 0 0
0 0 0.515996 0 0 0 0 0 0 0 0
0 0 0.718137 0 0 0 0 0 0 0 0
0 0 0.659794 0 0 0 0 0 0 0 0
1 0 0.520408 0 0 0 0 5.14 2.76 100 0
1 1 0.565957 0 0 0 0 5.25 2.99 40 0
1 1 0.879121 0 0 0 0 5.25 3.05 100 0
0 0 0.388 0 0 0 0 0 0 0 0
0 0 0.416076 0 0 0 0 0 0 0 0
0 0 0.371658 0 0 0 0 0 0 0 0
1 1 0.486842 0 0 0 0 5.12 2.99 100 0
0 0 0.150943 0 0 0 0 0 0 0 0
0 0 0.70603 0 0 0 0 0 0 0 0
1 1 0.592965 0 0 0 0 5.16 2.98 50 0
0 0 0.54717 0 0 0 0 0 0 0 0
0 0 0.0558265 0 0 0 0 0 0 0 0
0 0 0.5212 0 0 0 0 0 0 0 0
0 0 0.48152 0 0 0 0 0 0 0 0
0 0 0.718137 0 0 0 0 0 0 0 0
0 0 0.659794 0 0 0 0 0 0 0 0
1 0 0.520408 0 0 0 0 5.14 2.76 100 0
1 1 0.565957 0 0 0 0 5.25 2.99 40 0
1 1 0.879121 0 0 0 0 5.25 3.05 100 0
0 0 0.388 0 0 0 0 0 0 0 0
0 0 0.416076 0 0 0 0 0 0 0 0
0 0 0.371658 0 0 0 0 0 0 0 0
1 1 0.486842 0 0 0 0 5.12 2.99 100 0
0 0 0.637097 0 0 0 0 0 0 0 0
0 0 0.637097 0 0 0 0 0 0 0 0
0 0 0.226415 0 0 0 0 0 0 0 0
1 1 0.746606 0 0 0 0 12.9 8.73 71.43 0
1 1 0.72935 0 0 0 0 13.38 9.92 93.94 0
0 0 0.377907 0 0 0 0 0 0 0 0
1 1 0.602247 0 0 0 0 13.22 10.25 100 0
1 1 0.385042 0 0 0 0 12.66 7.87 84.62 0
1 1 0.390361 0 0 0 0 12.69 7.81 100 0
1 1 0.635359 0 0 0 0 11.32 6.68 0 0
1 1 0.734139 0 0 0 0 12.47 7.81 100 0
1 1 0.964809 0 0 0 0 11.62 7.48 100 0
0 0 0.581574 0 0 0 0 0 0 0 0
0 0 0.668072 0 0 0 0 0 0 0 0
0 0 0.6 0 0 0 0 0 0 0 0
1 1 0.237323 0 0 0 0 12.5 8.74 73.08 0
1 0 0.584677 0 0 0 0 12.34 7.53 75 0
1 1 0.347095 0 0 0 0 11.88 6.87 85.71 0
1 1 0.496212 0 0 0 0 13.4 8.97 80 0
1 1 0.633149 0 0 0 0 14.49 9.8 0 0
1 1 0.644401 0 0 0 0 16.43 10.88 88.89 0
0 0 0.627397 0 0 0 0 0 0 0 0
1 1 0.754902 0 0 0 0 14.85 10.24 100 0
1 1 0.821538 0 0 0 0 13.28 7.87 0 0
1 1 0.79 0 0 0 0 14.74 10.41 100 0
1 1 0.884146 0 0 0 0 13.31 7.84 0 0
1 1 0.806557 0 0 0 0 13.27 7.84 0 0
1 1 0.690141 0 0 0 0 16.8 11.06 100 0
1 1 0.714286 0 0 0 0 13.18 7.87 0 0
1 1 0.839827 0 0 0 0 13.96 8.78 66.67 0
1 1 0.677083 0 0 0 0 13.25 7.84 0 0
1 1 0.661017 0 0 0 0 12.86 7.55 0 0
0 0 0.312217 0 0 0 0 0 0 0 0
1 1 0.72935 0 0 0 0 15.42 11.48 93.94 0
0 0 0.192346 0 0 0 0 0 0 0 0
0 0 0.152809 0 0 0 0 0 0 0 0
0 0 0.285319 0 0 0 0 0 0 0 0
1 1 0.390361 0 0 0 0 14.64 9.19 100 0
1 1 0.635359 0 0 0 0 13.07 7.87 0 0
1 1 0.734139 0 0 0 0 14.39 9.19 100 0
1 1 0.964809 0 0 0 0 13.41 8.79 100 0
1 1 0.418605 0 0 0 0 14.69 9.47 100 0
1 1 0.777778 0 0 0 0 14.65 9.47 0 0
0 0 0.211285 0 0 0 0 0 0 0 0
0 0 0.623853 0 0 0 0 0 0 0 0
0 0 0.203046 0 0 0 0 0 0 0 0
0 0 0.139073 0 0 0 0 0 0 0 0
0 0 0.811321 0 0 0 0 0 0 0 0
0 0 0.471649 0 0 0 0 0 0 0 0
0 0 0.805419 0 0 0 0 0 0 0 0
0 0 0.547756 0 0 0 0 0 0 0 0
0 0 0.26561 0 0 0 0 0 0 0 0
0 0 0.215553 0 0 0 0 0 0 0 0
1 1 0.347295 0 0 0 0 7.46 5.25 82.35 0
0 0 0.385113 0 0 0 0 0 0 0 0
0 0 0.668478 0 0 0 0 0 0 0 0
0 0 0.555195 0 0 0 0 0 0 0 0
0 0 0.52 0 0 0 0 0 0 0 0
0 0 0.84589 0 0 0 0 0 0 0 0
0 0 0.46997 0 0 0 0 0 0 0 0
0 0 0.790698 0 0 0 0 0 0 0 0
0 0 0.789773 0 0 0 0 0 0 0 0
0 0 0.454545 0 0 0 0 0 0 0 0
0 0 0.789773 0 0 0 0 0 0 0 0
0 0 0.233766 0 0 0 0 0 0 0 0
0 0 0.649718 0 0 0 0 0 0 0 0
0 0 0.441989 0 0 0 0 0 0 0 0
0 0 0.414365 0 0 0 0 0 0 0 0
0 0 0.414365 0 0 0 0 0 0 0 0
0 0 0.209559 0 0 0 0 0 0 0 0
0 0 0.482759 0 0 0 0 0 0 0 0
0 0 0.626263 0 0 0 0 0 0 0 0
0 0 0.456522 0 0 0 0 0 0 0 0
0 0 0.482051 0 0 0 0 0 0 0 0
0 0 0.451977 0 0 0 0 0 0 0 0
0 0 0.520619 0 0 0 0 0 0 0 0
0 0 0.451429 0 0 0 0 0 0 0 0
0 0 0.463158 0 0 0 0 0 0 0 0
0 0 0.536424 0 0 0 0 0 0 0 0
0 0 0.394118 0 0 0 0 0 0 0 0
0 0 0.484962 0 0 0 0 0 0 0 0
0 0 0.510791 0 0 0 0 0 0 0 0
0 0 0.514286 0 0 0 0 0 0 0 0
0 0 0.503546 0 0 0 0 0 0 0 0
0 0 0.540698 0 0 0 0 0 0 0 0
1 0 0.388451 0 0 0 0 12.91 9.04 62.5 0
1 0 0.393182 0 0 0 0 13.35 9.2 63.16 0
1 0 0.425856 0 0 0 0 13.63 9.42 100 0
1 1 0.574661 0 0 0 0 12.55 9.04 100 0
1 0 0.432099 0 0 0 0 11.99 7.64 100 0
1 1 0.504348 0 0 0 0 13.32 10.3 100 0
1 0 0.46789 0 0 0 0 12.17 7.96 100 0
1 0 0.523256 0 0 0 0 12.7 8.89 100 0
0 0 0.190395 0 0 0 0 0 0 0 0
1 0 0.384248 0 0 0 0 12.54 8.56 100 0
1 0 0.5 0 0 0 0 13.15 8.43 100 0
1 0 0.616525 0 0 0 0 10.93 8.36 100 0
1 1 0.532468 0 0 0 0 8.1 4.56 0 0
0 0 0.496212 0 0 0 0 0 0 0 0
0 0 0.195703 0 0 0 0 0 0 0 0
0 0 0.296724 0 0 0 0 0 0 0 0
0 0 0.169429 0 0 0 0 0 0 0 0
0 0 0.18014 0 0 0 0 0 0 0 0
1 1 0.484012 0 0 0 0 12.12 8.3 70 0
1 1 0.491162 0 0 0 0 12.18 8.35 70 0
1 1 0.474299 0 0 0 0 10.93 6.81 0 0
1 1 0.511792 0 0 0 0 10.64 6.8 0 0
1 1 0.80303 0 0 0 0 10.6 6.73 0 0
1 1 0.522822 0 0 0 0 10.6 6.73 0 0
0 0 0.334225 0 0 0 0 0 0 0 0
1 1 0.80303 0 0 0 0 13.71 8.17 0 0
1 1 0.522822 0 0 0 0 13.72 8.17 0 0
0 0 0.334225 0 0 0 0 0 0 0 0
0 0 0.496212 0 0 0 0 0 0 0 0
0 0 0.195703 0 0 0 0 0 0 0 0
0 0 0.296724 0 0 0 0 0 0 0 0
0 0 0.169429 0 0 0 0 0 0 0 0
0 0 0.18014 0 0 0 0 0 0 0 0
1 1 0.484012 0 0 0 0 12.12 8.3 70 0
1 1 0.491162 0 0 0 0 12.18 8.35 70 0
1 1 0.474299 0 0 0 0 10.93 6.81 0 0
1 1 0.511792 0 0 0 0 10.64 6.8 0 0
1 1 0.80303 0 0 0 0 10.6 6.73 0 0
1 1 0.522822 0 0 0 0 10.6 6.73 0 0
0 0 0.334225 0 0 0 0 0 0 0 0
1 1 0.41 0 0 0 0 10.22 6.64 71.43 0
0 0 0.496212 0 0 0 0 0 0 0 0
0 0 0.195703 0 0 0 0 0 0 0 0
0 0 0.296724 0 0 0 0 0 0 0 0
0 0 0.169429 0 0 0 0 0 0 0 0
0 0 0.18014 0 0 0 0 0 0 0 0
1 1 0.484012 0 0 0 0 12.08 8.26 70 0
1 1 0.491162 0 0 0 0 12.14 8.31 70 0
1 1 0.474299 0 0 0 0 11.3 7.06 0 0
1 1 0.511792 0 0 0 0 10.6 6.77 0 0
1 1 0.80303 0 0 0 0 10.56 6.7 0 0
1 1 0.522822 0 0 0 0 10.56 6.7 0 0
0 0 0.334225 0 0 0 0 0 0 0 0
0 0 0.496212 0 0 0 0 0 0 0 0
0 0 0.195703 0 0 0 0 0 0 0 0
0 0 0.296724 0 0 0 0 0 0 0 0
0 0 0.169429 0 0 0 0 0 0 0 0
0 0 0.18014 0 0 0 0 0 0 0 0
1 1 0.484012 0 0 0 0 12.12 8.3 70 0
1 1 0.491162 0 0 0 0 12.18 8.35 70 0
1 1 0.474299 0 0 0 0 11.01 7.02 0 0
1 1 0.511792 0 0 0 0 10.64 6.8 0 0
1 1 0.80303 0 0 0 0 10.6 6.73 0 0
1 1 0.522822 0 0 0 0 10.6 6.73 0 0
0 0 0.334225 0 0 0 0 0 0 0 0
1 1 0.52 0 0 0 0 10.8 6.32 0 0
1 1 0.770492 0 0 0 0 11.24 6.84 0 0
1 1 0.587464 0 0 0 0 10.92 6.32 70 0
0 0 0.61641 0 0 0 0 0 0 0 0
0 0 0.498549 0 0 0 0 0 0 0 0
0 0 0.242063 0 0 0 0 0 0 0 0
1 0 0.498148 0 0 0 0 0 0 0 0
0 0 0.454545 0 0 0 0 0 0 0 0
0 0 0.14239 0 0 0 0 0 0 0 0
1 1 0.426199 0 0 0 0 5.43 3.48 100 0
1 0 0.0813339 0 0 0 0 4.81 2.89 100 0
0 0 0.0562227 0 0 0 0 0 0 0 0
0 0 0.0923077 0 0 0 0 0 0 0 0
0 0 0.319113 0 0 0 0 0 0 0 0
0 0 0.0601422 0 0 0 0 0 0 0 0
0 0 0.582031 0 0 0 0 0 0 0 0
0 0 0.3853 0 0 0 0 0 0 0 0
0 0 0.389631 0 0 0 0 0 0 0 0
0 0 0.350636 0 0 0 0 0 0 0 0
0 0 0.239215 0 0 0 0 0 0 0 0
0 0 0.253174 0 0 0 0 0 0 0 0
0 0 0.395254 0 0 0 0 0 0 0 0
0 0 0.28001 0 0 0 0 0 0 0 0
0 0 0.413148 0 0 0 0 0 0 0 0
1 1 0.980769 0 0 0 0 3.92 2.02 100 0
0 0 0.580164 0 0 0 0 0 0 0 0
0 0 0.497462 0 0 0 0 0 0 0 0
0 0 0.241943 0 0 0 0 0 0 0 0
0 0 0.498148 0 0 0 0 0 0 0 0
0 0 0.454545 0 0 0 0 0 0 0 0
0 0 0.14239 0 0 0 0 0 0 0 0
0 0 0.426199 0 0 0 0 0 0 0 0
0 0 0.559113 0 0 0 0 0 0 0 0
0 0 0.0562227 0 0 0 0 0 0 0 0
0 0 0.0923077 0 0 0 0 0 0 0 0
0 0 0.318029 0 0 0 0 0 0 0 0
0 0 0.0601422 0 0 0 0 0 0 0 0
0 0 0.589415 0 0 0 0 0 0 0 0
0 0 0.384526 0 0 0 0 0 0 0 0
0 0 0.387274 0 0 0 0 0 0 0 0
0 0 0.350301 0 0 0 0 0 0 0 0
0 0 0.239215 0 0 0 0 0 0 0 0
0 0 0.252695 0 0 0 0 0 0 0 0
0 0 0.394512 0 0 0 0 0 0 0 0
0 0 0.28001 0 0 0 0 0 0 0 0
0 0 0.413148 0 0 0 0 0 0 0 0
0 0 0.980769 0 0 0 0 0 0 0 0
0 0 0.580164 0 0 0 0 0 0 0 0
0 0 0.497101 0 0 0 0 0 0 0 0
0 0 0.241943 0 0 0 0 0 0 0 0
0 0 0.498148 0 0 0 0 0 0 0 0
0 0 0.454545 0 0 0 0 0 0 0 0
0 0 0.14239 0 0 0 0 0 0 0 0
0 0 0.426199 0 0 0 0 0 0 0 0
0 0 0.55774 0 0 0 0 0 0 0 0
0 0 0.0562227 0 0 0 0 0 0 0 0
0 0 0.0923077 0 0 0 0 0 0 0 0
0 0 0.318365 0 0 0 0 0 0 0 0
0 0 0.0601422 0 0 0 0 0 0 0 0
0 0 0.589415 0 0 0 0 0 0 0 0
0 0 0.384913 0 0 0 0 0 0 0 0
0 0 0.38806 0 0 0 0 0 0 0 0
0 0 0.350636 0 0 0 0 0 0 0 0
0 0 0.238987 0 0 0 0 0 0 0 0
0 0 0.252695 0 0 0 0 0 0 0 0
0 0 0.39132 0 0 0 0 0 0 0 0
0 0 0.279248 0 0 0 0 0 0 0 0
0 0 0.411458 0 0 0 0 0 0 0 0
0 0 0.980769 0 0 0 0 0 0 0 0
0 0 0.580164 0 0 0 0 0 0 0 0
0 0 0.497101 0 0 0 0 0 0 0 0
0 0 0.241943 0 0 0 0 0 0 0 0
0 0 0.498148 0 0 0 0 0 0 0 0
0 0 0.454545 0 0 0 0 0 0 0 0
0 0 0.14239 0 0 0 0 0 0 0 0
0 0 0.426199 0 0 0 0 0 0 0 0
0 0 0.55774 0 0 0 0 0 0 0 0
0 0 0.0562227 0 0 0 0 0 0 0 0
0 0 0.0923077 0 0 0 0 0 0 0 0
0 0 0.317694 0 0 0 0 0 0 0 0
0 0 0.0606889 0 0 0 0 0 0 0 0
0 0 0.563788 0 0 0 0 0 0 0 0
0 0 0.384139 0 0 0 0 0 0 0 0
0 0 0.386489 0 0 0 0 0 0 0 0
0 0 0.349967 0 0 0 0 0 0 0 0
0 0 0.238987 0 0 0 0 0 0 0 0
0 0 0.250832 0 0 0 0 0 0 0 0
0 0 0.387473 0 0 0 0 0 0 0 0
0 0 0.279248 0 0 0 0 0 0 0 0
0 0 0.411458 0 0 0 0 0 0 0 0
0 0 0.980769 0 0 0 0 0 0 0 0
0 0 0.580164 0 0 0 0 0 0 0 0
1 1 0.77 0 0 0 0 26.29 17.71 100 0
1 1 0.697947 0 0 0 0 11.82 7.33 92.86 0
0 0 0.497101 0 0 0 0 0 0 0 0
0 0 0.241943 0 0 0 0 0 0 0 0
0 0 0.498148 0 0 0 0 0 0 0 0
0 0 0.454545 0 0 0 0 0 0 0 0
0 0 0.14239 0 0 0 0 0 0 0 0
0 0 0.426199 0 0 0 0 0 0 0 0
0 0 0.55774 0 0 0 0 0 0 0 0
0 0 0.0562227 0 0 0 0 0 0 0 0
0 0 0.0923077 0 0 0 0 0 0 0 0
0 0 0.317694 0 0 0 0 0 0 0 0
0 0 0.0601093 0 0 0 0 0 0 0 0
0 0 0.589415 0 0 0 0 0 0 0 0
0 0 0.384526 0 0 0 0 0 0 0 0
0 0 0.386489 0 0 0 0 0 0 0 0
0 0 0.349967 0 0 0 0 0 0 0 0
0 0 0.237987 0 0 0 0 0 0 0 0
0 0 0.25107 0 0 0 0 0 0 0 0
0 0 0.387837 0 0 0 0 0 0 0 0
0 0 0.279248 0 0 0 0 0 0 0 0
0 0 0.411892 0 0 0 0 0 0 0 0
0 0 0.980769 0 0 0 0 0 0 0 0
0 0 0.580164 0 0 0 0 0 0 0 0
0 0 0.497826 0 0 0 0 0 0 0 0
0 0 0.241943 0 0 0 0 0 0 0 0
0 0 0.498148 0 0 0 0 0 0 0 0
0 0 0.454545 0 0 0 0 0 0 0 0
0 0 0.14239 0 0 0 0 0 0 0 0
0 0 0.425414 0 0 0 0 0 0 0 0
0 0 0.55774 0 0 0 0 0 0 0 0
0 0 0.0562227 0 0 0 0 0 0 0 0
0 0 0.0923077 0 0 0 0 0 0 0 0
0 0 0.318029 0 0 0 0 0 0 0 0
0 0 0.0600765 0 0 0 0 0 0 0 0
0 0 0.588858 0 0 0 0 0 0 0 0
0 0 0.384139 0 0 0 0 0 0 0 0
0 0 0.386489 0 0 0 0 0 0 0 0
0 0 0.349281 0 0 0 0 0 0 0 0
0 0 0.237761 0 0 0 0 0 0 0 0
0 0 0.250832 0 0 0 0 0 0 0 0
0 0 0.387473 0 0 0 0 0 0 0 0
0 0 0.279248 0 0 0 0 0 0 0 0
0 0 0.411458 0 0 0 0 0 0 0 0
0 0 0.980769 0 0 0 0 0 0 0 0
0 0 0.580164 0 0 0 0 0 0 0 0
0 0 0.497101 0 0 0 0 0 0 0 0
0 0 0.241943 0 0 0 0 0 0 0 0
0 0 0.498148 0 0 0 0 0 0 0 0
0 0 0.454545 0 0 0 0 0 0 0 0
0 0 0.14239 0 0 0 0 0 0 0 0
0 0 0.425414 0 0 0 0 0 0 0 0
0 0 0.55774 0 0 0 0 0 0 0 0
0 0 0.0562227 0 0 0 0 0 0 0 0
0 0 0.0923077 0 0 0 0 0 0 0 0
0 0 0.318029 0 0 0 0 0 0 0 0
0 0 0.0600437 0 0 0 0 0 0 0 0
0 0 0.588858 0 0 0 0 0 0 0 0
0 0 0.384139 0 0 0 0 0 0 0 0
0 0 0.386489 0 0 0 0 0 0 0 0
0 0 0.346371 0 0 0 0 0 0 0 0
0 0 0.237534 0 0 0 0 0 0 0 0
0 0 0.250832 0 0 0 0 0 0 0 0
0 0 0.387473 0 0 0 0 0 0 0 0
0 0 0.279248 0 0 0 0 0 0 0 0
0 0 0.411458 0 0 0 0 0 0 0 0
0 0 0.980769 0 0 0 0 0 0 0 0
0 0 0.580164 0 0 0 0 0 0 0 0
0 0 0.497826 0 0 0 0 0 0 0 0
0 0 0.241943 0 0 0 0 0 0 0 0
0 0 0.498148 0 0 0 0 0 0 0 0
0 0 0.454545 0 0 0 0 0 0 0 0
0 0 0.14239 0 0 0 0 0 0 0 0
0 0 0.425414 0 0 0 0 0 0 0 0
0 0 0.55774 0 0 0 0 0 0 0 0
0 0 0.0562227 0 0 0 0 0 0 0 0
0 0 0.0923077 0 0 0 0 0 0 0 0
0 0 0.318029 0 0 0 0 0 0 0 0
0 0 0.0600109 0 0 0 0 0 0 0 0
0 0 0.588858 0 0 0 0 0 0 0 0
0 0 0.383752 0 0 0 0 0 0 0 0
0 0 0.386364 0 0 0 0 0 0 0 0
0 0 0.346702 0 0 0 0 0 0 0 0
0 0 0.237761 0 0 0 0 0 0 0 0
0 0 0.250832 0 0 0 0 0 0 0 0
0 0 0.387473 0 0 0 0 0 0 0 0
0 0 0.279248 0 0 0 0 0 0 0 0
0 0 0.411458 0 0 0 0 0 0 0 0
0 0 0.980769 0 0 0 0 0 0 0 0
0 0 0.580164 0 0 0 0 0 0 0 0
0 0 0.691638 0 0 0 0 0 0 0 0
0 0 0.497101 0 0 0 0 0 0 0 0
0 0 0.241943 0 0 0 0 0 0 0 0
0 0 0.498148 0 0 0 0 0 0 0 0
0 0 0.454545 0 0 0 0 0 0 0 0
0 0 0.14239 0 0 0 0 0 0 0 0
0 0 0.425414 0 0 0 0 0 0 0 0
0 0 0.55774 0 0 0 0 0 0 0 0
0 0 0.0562227 0 0 0 0 0 0 0 0
0 0 0.0922131 0 0 0 0 0 0 0 0
0 0 0.317694 0 0 0 0 0 0 0 0
0 0 0.0599782 0 0 0 0 0 0 0 0
0 0 0.588858 0 0 0 0 0 0 0 0
0 0 0.383752 0 0 0 0 0 0 0 0
0 0 0.385519 0 0 0 0 0 0 0 0
0 0 0.346371 0 0 0 0 0 0 0 0
0 0 0.237534 0 0 0 0 0 0 0 0
0 0 0.25107 0 0 0 0 0 0 0 0
0 0 0.387473 0 0 0 0 0 0 0 0
0 0 0.279248 0 0 0 0 0 0 0 0
0 0 0.411892 0 0 0 0 0 0 0 0
0 0 0.980769 0 0 0 0 0 0 0 0
0 0 0.580164 0 0 0 0 0 0 0 0
0 0 0.673611 0 0 0 0 0 0 0 0
0 0 0.497101 0 0 0 0 0 0 0 0
0 0 0.241584 0 0 0 0 0 0 0 0
0 0 0.498148 0 0 0 0 0 0 0 0
0 0 0.454545 0 0 0 0 0 0 0 0
0 0 0.142157 0 0 0 0 0 0 0 0
0 0 0.425414 0 0 0 0 0 0 0 0
0 0 0.55774 0 0 0 0 0 0 0 0
0 0 0.0562227 0 0 0 0 0 0 0 0
0 0 0.0922131 0 0 0 0 0 0 0 0
0 0 0.317694 0 0 0 0 0 0 0 0
0 0 0.0599782 0 0 0 0 0 0 0 0
0 0 0.588858 0 0 0 0 0 0 0 0
0 0 0.384139 0 0 0 0 0 0 0 0
0 0 0.385519 0 0 0 0 0 0 0 0
0 0 0.346371 0 0 0 0 0 0 0 0
0 0 0.238441 0 0 0 0 0 0 0 0
0 0 0.25107 0 0 0 0 0 0 0 0
0 0 0.387473 0 0 0 0 0 0 0 0
0 0 0.279248 0 0 0 0 0 0 0 0
0 0 0.411458 0 0 0 0 0 0 0 0
0 0 0.980769 0 0 0 0 0 0 0 0
0 0 0.580164 0 0 0 0 0 0 0 0
0 0 0.497826 0 0 0 0 0 0 0 0
0 0 0.241584 0 0 0 0 0 0 0 0
0 0 0.498148 0 0 0 0 0 0 0 0
0 0 0.454545 0 0 0 0 0 0 0 0
0 0 0.142157 0 0 0 0 0 0 0 0
0 0 0.425414 0 0 0 0 0 0 0 0
0 0 0.55774 0 0 0 0 0 0 0 0
0 0 0.0562227 0 0 0 0 0 0 0 0
0 0 0.0921187 0 0 0 0 0 0 0 0
0 0 0.318029 0 0 0 0 0 0 0 0
0 0 0.0605235 0 0 0 0 0 0 0 0
0 0 0.563788 0 0 0 0 0 0 0 0
0 0 0.383752 0 0 0 0 0 0 0 0
0 0 0.38591 0 0 0 0 0 0 0 0
0 0 0.346371 0 0 0 0 0 0 0 0
0 0 0.237761 0 0 0 0 0 0 0 0
0 0 0.25107 0 0 0 0 0 0 0 0
0 0 0.387473 0 0 0 0 0 0 0 0
0 0 0.279248 0 0 0 0 0 0 0 0
0 0 0.411458 0 0 0 0 0 0 0 0
0 0 0.980769 0 0 0 0 0 0 0 0
0 0 0.580164 0 0 0 0 0 0 0 0
0 0 0.497101 0 0 0 0 0 0 0 0
0 0 0.241584 0 0 0 0 0 0 0 0
0 0 0.498148 0 0 0 0 0 0 0 0
0 0 0.454545 0 0 0 0 0 0 0 0
0 0 0.142157 0 0 0 0 0 0 0 0
0 0 0.425414 0 0 0 0 0 0 0 0
0 0 0.55774 0 0 0 0 0 0 0 0
0 0 0.0562227 0 0 0 0 0 0 0 0
0 0 0.0921187 0 0 0 0 0 0 0 0
0 0 0.318029 0 0 0 0 0 0 0 0
0 0 0.0605235 0 0 0 0 0 0 0 0
0 0 0.563788 0 0 0 0 0 0 0 0
0 0 0.383192 0 0 0 0 0 0 0 0
0 0 0.385519 0 0 0 0 0 0 0 0
0 0 0.346702 0 0 0 0 0 0 0 0
0 0 0.237987 0 0 0 0 0 0 0 0
0 0 0.25107 0 0 0 0 0 0 0 0
0 0 0.388201 0 0 0 0 0 0 0 0
0 0 0.279248 0 0 0 0 0 0 0 0
0 0 0.411892 0 0 0 0 0 0 0 0
0 0 0.980769 0 0 0 0 0 0 0 0
0 0 0.580164 0 0 0 0 0 0 0 0
0 0 0.497101 0 0 0 0 0 0 0 0
0 0 0.241584 0 0 0 0 0 0 0 0
0 0 0.498148 0 0 0 0 0 0 0 0
0 0 0.454545 0 0 0 0 0 0 0 0
0 0 0.142157 0 0 0 0 0 0 0 0
0 0 0.425414 0 0 0 0 0 0 0 0
0 0 0.55774 0 0 0 0 0 0 0 0
0 0 0.0562227 0 0 0 0 0 0 0 0
0 0 0.0921187 0 0 0 0 0 0 0 0
0 0 0.318365 0 0 0 0 0 0 0 0
0 0 0.0599782 0 0 0 0 0 0 0 0
0 0 0.588858 0 0 0 0 0 0 0 0
0 0 0.383192 0 0 0 0 0 0 0 0
0 0 0.38591 0 0 0 0 0 0 0 0
0 0 0.346702 0 0 0 0 0 0 0 0
0 0 0.237987 0 0 0 0 0 0 0 0
0 0 0.25107 0 0 0 0 0 0 0 0
0 0 0.387473 0 0 0 0 0 0 0 0
0 0 0.279248 0 0 0 0 0 0 0 0
0 0 0.411458 0 0 0 0 0 0 0 0
0 0 0.980769 0 0 0 0 0 0 0 0
0 0 0.580164 0 0 0 0 0 0 0 0
0 0 0.663194 0 0 0 0 0 0 0 0
0 0 0.497101 0 0 0 0 0 0 0 0
0 0 0.241584 0 0 0 0 0 0 0 0
0 0 0.498148 0 0 0 0 0 0 0 0
0 0 0.454545 0 0 0 0 0 0 0 0
0 0 0.142157 0 0 0 0 0 0 0 0
0 0 0.425414 0 0 0 0 0 0 0 0
0 0 0.55774 0 0 0 0 0 0 0 0
0 0 0.0562227 0 0 0 0 0 0 0 0
0 0 0.0921187 0 0 0 0 0 0 0 0
0 0 0.318029 0 0 0 0 0 0 0 0
0 0 0.0605235 0 0 0 0 0 0 0 0
0 0 0.589415 0 0 0 0 0 0 0 0
0 0 0.382421 0 0 0 0 0 0 0 0
0 0 0.385127 0 0 0 0 0 0 0 0
0 0 0.346039 0 0 0 0 0 0 0 0
0 0 0.237987 0 0 0 0 0 0 0 0
0 0 0.251308 0 0 0 0 0 0 0 0
0 0 0.387473 0 0 0 0 0 0 0 0
0 0 0.279248 0 0 0 0 0 0 0 0
0 0 0.411892 0 0 0 0 0 0 0 0
0 0 0.980769 0 0 0 0 0 0 0 0
0 0 0.580164 0 0 0 0 0 0 0 0
0 0 0.691638 0 0 0 0 0 0 0 0
0 0 0.497466 0 0 0 0 0 0 0 0
0 0 0.241584 0 0 0 0 0 0 0 0
0 0 0.498148 0 0 0 0 0 0 0 0
0 0 0.454545 0 0 0 0 0 0 0 0
0 0 0.142157 0 0 0 0 0 0 0 0
0 0 0.425414 0 0 0 0 0 0 0 0
0 0 0.55774 0 0 0 0 0 0 0 0
0 0 0.0562227 0 0 0 0 0 0 0 0
0 0 0.0921187 0 0 0 0 0 0 0 0
0 0 0.318029 0 0 0 0 0 0 0 0
0 0 0.0599782 0 0 0 0 0 0 0 0
0 0 0.589415 0 0 0 0 0 0 0 0
0 0 0.382806 0 0 0 0 0 0 0 0
0 0 0.38591 0 0 0 0 0 0 0 0
0 0 0.346371 0 0 0 0 0 0 0 0
0 0 0.238214 0 0 0 0 0 0 0 0
0 0 0.251308 0 0 0 0 0 0 0 0
0 0 0.387837 0 0 0 0 0 0 0 0
0 0 0.279248 0 0 0 0 0 0 0 0
0 0 0.412326 0 0 0 0 0 0 0 0
0 0 0.980769 0 0 0 0 0 0 0 0
0 0 0.580164 0 0 0 0 0 0 0 0
0 0 0.580164 0 0 0 0 0 0 0 0
0 0 0.497106 0 0 0 0 0 0 0 0
0 0 0.241584 0 0 0 0 0 0 0 0
0 0 0.498148 0 0 0 0 0 0 0 0
0 0 0.454545 0 0 0 0 0 0 0 0
0 0 0.142157 0 0 0 0 0 0 0 0
0 0 0.425414 0 0 0 0 0 0 0 0
0 0 0.55774 0 0 0 0 0 0 0 0
0 0 0.0562227 0 0 0 0 0 0 0 0
0 0 0.0921187 0 0 0 0 0 0 0 0
0 0 0.318029 0 0 0 0 0 0 0 0
0 0 0.0599782 0 0 0 0 0 0 0 0
0 0 0.563788 0 0 0 0 0 0 0 0
0 0 0.383577 0 0 0 0 0 0 0 0
0 0 0.386301 0 0 0 0 0 0 0 0
0 0 0.346371 0 0 0 0 0 0 0 0
0 0 0.238441 0 0 0 0 0 0 0 0
0 0 0.25107 0 0 0 0 0 0 0 0
0 0 0.388565 0 0 0 0 0 0 0 0
0 0 0.279248 0 0 0 0 0 0 0 0
0 0 0.411892 0 0 0 0 0 0 0 0
0 0 0.980769 0 0 0 0 0 0 0 0
0 0 0.580164 0 0 0 0 0 0 0 0
0 0 0.496382 0 0 0 0 0 0 0 0
0 0 0.241584 0 0 0 0 0 0 0 0
0 0 0.498148 0 0 0 0 0 0 0 0
0 0 0.454545 0 0 0 0 0 0 0 0
0 0 0.142157 0 0 0 0 0 0 0 0
0 0 0.425414 0 0 0 0 0 0 0 0
0 0 0.55774 0 0 0 0 0 0 0 0
0 0 0.0562227 0 0 0 0 0 0 0 0
0 0 0.0921187 0 0 0 0 0 0 0 0
0 0 0.318029 0 0 0 0 0 0 0 0
0 0 0.0599782 0 0 0 0 0 0 0 0
0 0 0.589415 0 0 0 0 0 0 0 0
0 0 0.382806 0 0 0 0 0 0 0 0
0 0 0.385519 0 0 0 0 0 0 0 0
0 0 0.346371 0 0 0 0 0 0 0 0
0 0 0.237987 0 0 0 0 0 0 0 0
0 0 0.25107 0 0 0 0 0 0 0 0
0 0 0.387837 0 0 0 0 0 0 0 0
0 0 0.279248 0 0 0 0 0 0 0 0
0 0 0.411458 0 0 0 0 0 0 0 0
0 0 0.980769 0 0 0 0 0 0 0 0
0 0 0.580164 0 0 0 0 0 0 0 0
0 0 0.496382 0 0 0 0 0 0 0 0
0 0 0.241584 0 0 0 0 0 0 0 0
0 0 0.498148 0 0 0 0 0 0 0 0
0 0 0.454545 0 0 0 0 0 0 0 0
0 0 0.142157 0 0 0 0 0 0 0 0
0 0 0.425414 0 0 0 0 0 0 0 0
0 0 0.55774 0 0 0 0 0 0 0 0
0 0 0.0562227 0 0 0 0 0 0 0 0
0 0 0.0921187 0 0 0 0 0 0 0 0
0 0 0.318365 0 0 0 0 0 0 0 0
0 0 0.0599782 0 0 0 0 0 0 0 0
0 0 0.588858 0 0 0 0 0 0 0 0
0 0 0.382806 0 0 0 0 0 0 0 0
0 0 0.385519 0 0 0 0 0 0 0 0
0 0 0.346039 0 0 0 0 0 0 0 0
0 0 0.238214 0 0 0 0 0 0 0 0
0 0 0.251308 0 0 0 0 0 0 0 0
0 0 0.387837 0 0 0 0 0 0 0 0
0 0 0.279248 0 0 0 0 0 0 0 0
0 0 0.411892 0 0 0 0 0 0 0 0
0 0 0.980769 0 0 0 0 0 0 0 0
0 0 0.580164 0 0 0 0 0 0 0 0
0 0 0.496382 0 0 0 0 0 0 0 0
0 0 0.241584 0 0 0 0 0 0 0 0
0 0 0.498148 0 0 0 0 0 0 0 0
0 0 0.454545 0 0 0 0 0 0 0 0
0 0 0.142157 0 0 0 0 0 0 0 0
0 0 0.425414 0 0 0 0 0 0 0 0
0 0 0.55774 0 0 0 0 0 0 0 0
0 0 0.0562227 0 0 0 0 0 0 0 0
0 0 0.0921187 0 0 0 0 0 0 0 0
0 0 0.31762 0 0 0 0 0 0 0 0
0 0 0.0599782 0 0 0 0 0 0 0 0
0 0 0.589415 0 0 0 0 0 0 0 0
0 0 0.382806 0 0 0 0 0 0 0 0
0 0 0.385127 0 0 0 0 0 0 0 0
0 0 0.346371 0 0 0 0 0 0 0 0
0 0 0.238441 0 0 0 0 0 0 0 0
0 0 0.250832 0 0 0 0 0 0 0 0
0 0 0.387837 0 0 0 0 0 0 0 0
0 0 0.279248 0 0 0 0 0 0 0 0
0 0 0.411892 0 0 0 0 0 0 0 0
0 0 0.980769 0 0 0 0 0 0 0 0
0 0 0.580164 0 0 0 0 0 0 0 0
0 0 0.282096 0 0 0 0 0 0 0 0
0 0 0.552861 0 0 0 0 0 0 0 0
1 1 0.756757 0 0 0 0 9.82 5.67 83.33 0
0 0 0.0328132 0 0 0 0 0 0 0 0
0 0 0.322645 0 0 0 0 0 0 0 0
0 0 0.714286 0 0 0 0 0 0 0 0
0 0 0.492468 0 0 0 0 0 0 0 0
0 0 0.416667 0 0 0 0 0 0 0 0
0 0 0.0517516 0 0 0 0 0 0 0 0
0 0 0.118044 0 0 0 0 0 0 0 0
0 0 0.151703 0 0 0 0 0 0 0 0
1 1 0.791705 0 0 0 0 8.83 5.05 50 0
0 0 0.391007 0 0 0 0 0 0 0 0
1 1 0.525926 0 0 0 0 8.57 4.73 0 0
0 0 0.232272 0 0 0 0 0 0 0 0
0 0 0.333616 0 0 0 0 0 0 0 0
0 0 0.655213 0 0 0 0 0 0 0 0
0 0 0.282096 0 0 0 0 0 0 0 0
0 0 0.552861 0 0 0 0 0 0 0 0
1 1 0.756757 0 0 0 0 22.03 15.39 83.33 0
1 1 0.525926 0 0 0 0 7.38 4.13 0 0
0 0 0.240955 0 0 0 0 0 0 0 0
0 0 0.34928 0 0 0 0 0 0 0 0
0 0 0.647641 0 0 0 0 0 0 0 0
0 0 0.0328132 0 0 0 0 0 0 0 0
0 0 0.37551 0 0 0 0 0 0 0 0
0 0 0.714286 0 0 0 0 0 0 0 0
0 0 0.492468 0 0 0 0 0 0 0 0
0 0 0.105152 0 0 0 0 0 0 0 0
0 0 0.0725453 0 0 0 0 0 0 0 0
0 0 0.0695925 0 0 0 0 0 0 0 0
0 0 0.416667 0 0 0 0 0 0 0 0
0 0 0.0517516 0 0 0 0 0 0 0 0
0 0 0.111293 0 0 0 0 0 0 0 0
0 0 0.15491 0 0 0 0 0 0 0 0
1 1 0.791705 0 0 0 0 22.42 15.35 50 0
0 0 0.391007 0 0 0 0 0 0 0 0
0 0 0.726644 0 0 0 0 0 0 0 0
0 0 0.589147 0 0 0 0 0 0 0 0
0 0 0.165563 0 0 0 0 0 0 0 0
0 0 0.86087 0 0 0 0 0 0 0 0
0 0 0.59695 0 0 0 0 0 0 0 0
0 0 0.177465 0 0 0 0 0 0 0 0
0 0 0.0796537 0 0 0 0 0 0 0 0
0 0 0.22069 0 0 0 0 0 0 0 0
0 0 0.190769 0 0 0 0 0 0 0 0
0 0 0.60787 0 0 0 0 0 0 0 0
0 0 0.174129 0 0 0 0 0 0 0 0
0 0 0.164806 0 0 0 0 0 0 0 0
0 0 0.0670257 0 0 0 0 0 0 0 0
0 0 0.191083 0 0 0 0 0 0 0 0
0 0 0.13174 0 0 0 0 0 0 0 0
0 0 0.538259 0 0 0 0 0 0 0 0
0 0 0.42236 0 0 0 0 0 0 0 0
0 0 0.589147 0 0 0 0 0 0 0 0
0 0 0.165563 0 0 0 0 0 0 0 0
0 0 0.86087 0 0 0 0 0 0 0 0
0 0 0.59695 0 0 0 0 0 0 0 0
0 0 0.177465 0 0 0 0 0 0 0 0
0 0 0.0796537 0 0 0 0 0 0 0 0
0 0 0.22069 0 0 0 0 0 0 0 0
0 0 0.190769 0 0 0 0 0 0 0 0
0 0 0.60787 0 0 0 0 0 0 0 0
0 0 0.174129 0 0 0 0 0 0 0 0
0 0 0.164806 0 0 0 0 0 0 0 0
0 0 0.0670257 0 0 0 0 0 0 0 0
0 0 0.167283 0 0 0 0 0 0 0 0
0 0 0.13174 0 0 0 0 0 0 0 0
0 0 0.538259 0 0 0 0 0 0 0 0
0 0 0.42236 0 0 0 0 0 0 0 0
0 0 0.589147 0 0 0 0 0 0 0 0
0 0 0.165563 0 0 0 0 0 0 0 0
0 0 0.86087 0 0 0 0 0 0 0 0
0 0 0.59695 0 0 0 0 0 0 0 0
0 0 0.177465 0 0 0 0 0 0 0 0
0 0 0.0796537 0 0 0 0 0 0 0 0
0 0 0.22069 0 0 0 0 0 0 0 0
0 0 0.190769 0 0 0 0 0 0 0 0
0 0 0.60787 0 0 0 0 0 0 0 0
0 0 0.174129 0 0 0 0 0 0 0 0
0 0 0.164806 0 0 0 0 0 0 0 0
0 0 0.0670257 0 0 0 0 0 0 0 0
0 0 0.161616 0 0 0 0 0 0 0 0
0 0 0.130088 0 0 0 0 0 0 0 0
0 0 0.538259 0 0 0 0 0 0 0 0
0 0 0.42236 0 0 0 0 0 0 0 0
0 0 0.816684 0 0 0 0 0 0 0 0
0 0 0.192878 0 0 0 0 0 0 0 0
0 0 0.258242 0 0 0 0 0 0 0 0
0 0 0.18543 0 0 0 0 0 0 0 0
0 0 0.141777 0 0 0 0 0 0 0 0
0 0 0.0467512 0 0 0 0 0 0 0 0
0 0 0.291391 0 0 0 0 0 0 0 0
0 0 0.0540658 0 0 0 0 0 0 0 0
1 1 0.792593 0 0 0 0 15.71 10.48 100 0
0 0 0.162602 0 0 0 0 0 0 0 0
1 1 0.397849 0 0 0 0 16.58 11.1 0 0
1 1 0.473118 0 0 0 0 16.25 10.9 0 0
1 1 0.472165 0 0 0 0 16.58 10.91 0 0
0 0 0.630631 0 0 0 0 0 0 0 0
1 1 0.696721 0 0 0 0 17.48 12.15 71.43 0
1 1 0.696721 0 0 0 0 17.48 12.15 71.43 0
1 1 0.696721 0 0 0 0 17.48 12.15 71.43 0
0 0 0.0619735 0 0 0 0 0 0 0 0
0 0 0.154309 0 0 0 0 0 0 0 0
0 0 0.155925 0 0 0 0 0 0 0 0
0 0 0.163594 0 0 0 0 0 0 0 0
1 1 0.621243 0 0 0 0 9.82 5.39 29.63 0
1 1 0.881223 0 0 0 0 10.87 6.31 34.48 0
1 0 0.791411 0 0 0 0 14.65 8.82 100 0
1 0 0.923567 0 0 0 0 14.65 8.82 100 0
0 0 0.189189 0 0 0 0 0 0 0 0
0 0 0.124579 0 0 0 0 0 0 0 0
0 0 0.619497 0 0 0 0 0 0 0 0
0 0 0.59306 0 0 0 0 0 0 0 0
0 0 0.0923729 0 0 0 0 0 0 0 0
0 0 0.149446 0 0 0 0 0 0 0 0
0 0 0.112211 0 0 0 0 0 0 0 0
0 0 0.21463 0 0 0 0 0 0 0 0
0 0 0.284192 0 0 0 0 0 0 0 0
1 1 0.771574 0 0 0 0 15.31 10.27 0 0
0 0 0.164905 0 0 0 0 0 0 0 0
0 0 0.170279 0 0 0 0 0 0 0 0
0 0 0.177843 0 0 0 0 0 0 0 0
0 0 0.0524989 0 0 0 0 0 0 0 0
0 0 0.176152 0 0 0 0 0 0 0 0
0 0 0.389073 0 0 0 0 0 0 0 0
0 0 0.815018 0 0 0 0 0 0 0 0
0 0 0.293407 0 0 0 0 0 0 0 0
1 1 0.552553 0 0 0 0 12.94 8.69 52.38 0
0 0 0.126677 0 0 0 0 0 0 0 0
0 0 0.124661 0 0 0 0 0 0 0 0
0 0 0.768224 0 0 0 0 0 0 0 0
0 0 0.188776 0 0 0 0 0 0 0 0
0 0 0.196552 0 0 0 0 0 0 0 0
0 0 0.231788 0 0 0 0 0 0 0 0
0 0 0.20904 0 0 0 0 0 0 0 0
0 0 0.137931 0 0 0 0 0 0 0 0
0 0 0.0878187 0 0 0 0 0 0 0 0
0 0 0.126959 0 0 0 0 0 0 0 0
0 0 0.210332 0 0 0 0 0 0 0 0
0 0 0.357198 0 0 0 0 0 0 0 0
1 1 0.767327 0 0 0 0 25.4 18.11 80 0
1 1 0.802885 0 0 0 0 25.96 18.72 80 0
1 1 0.509615 0 0 0 0 9.39 5.59 87.5 0
1 1 0.56869 0 0 0 0 16.5 10.64 87.5 0
0 0 0.719212 0 0 0 0 0 0 0 0
0 0 0.718861 0 0 0 0 0 0 0 0
0 0 0.504425 0 0 0 0 0 0 0 0
0 0 0.256545 0 0 0 0 0 0 0 0
0 0 0.252366 0 0 0 0 0 0 0 0
0 0 0.432692 0 0 0 0 0 0 0 0
1 1 0.833333 0 0 0 0 8.76 4.94 100 0
0 0 0.561538 0 0 0 0 0 0 0 0
0 0 0.724138 0 0 0 0 0 0 0 0
0 0 0.744681 0 0 0 0 0 0 0 0
0 0 0.722222 0 0 0 0 0 0 0 0
0 0 0.527426 0 0 0 0 0 0 0 0
0 0 0.668966 0 0 0 0 0 0 0 0
0 0 0.392105 0 0 0 0 0 0 0 0
0 0 0.775735 0 0 0 0 0 0 0 0
0 0 0.510158 0 0 0 0 0 0 0 0
0 0 0.557457 0 0 0 0 0 0 0 0
0 0 0.768212 0 0 0 0 0 0 0 0
0 0 0.734266 0 0 0 0 0 0 0 0
0 0 0.511598 0 0 0 0 0 0 0 0
0 0 0.561189 0 0 0 0 0 0 0 0
0 0 0.753165 0 0 0 0 0 0 0 0
1 1 0.737968 0 0 0 0 15.53 9.62 62.5 0
0 0 0.545615 0 0 0 0 0 0 0 0
0 0 0.0544673 0 0 0 0 0 0 0 0
0 0 0.0853873 0 0 0 0 0 0 0 0
0 0 0.117221 0 0 0 0 0 0 0 0
0 0 0.127792 0 0 0 0 0 0 0 0
0 0 0.352162 0 0 0 0 0 0 0 0
0 0 0.0285063 0 0 0 0 0 0 0 0
0 0 0.0778534 0 0 0 0 0 0 0 0
0 0 0.0612128 0 0 0 0 0 0 0 0
0 0 0.0594386 0 0 0 0 0 0 0 0
0 0 0.0454366 0 0 0 0 0 0 0 0
0 0 0.0464246 0 0 0 0 0 0 0 0
0 0 0.084761 0 0 0 0 0 0 0 0
1 1 0.35914 0 0 0 0 13.84 8.72 100 0
0 0 0.0907258 0 0 0 0 0 0 0 0
0 0 0.0673854 0 0 0 0 0 0 0 0
0 0 0.142023 0 0 0 0 0 0 0 0
0 0 0.143969 0 0 0 0 0 0 0 0
0 0 0.131439 0 0 0 0 0 0 0 0
0 0 0.126418 0 0 0 0 0 0 0 0
0 0 0.147541 0 0 0 0 0 0 0 0
0 0 0.0854626 0 0 0 0 0 0 0 0
0 0 0.144366 0 0 0 0 0 0 0 0
0 0 0.141623 0 0 0 0 0 0 0 0
0 0 0.0889952 0 0 0 0 0 0 0 0
0 0 0.147638 0 0 0 0 0 0 0 0
0 0 0.0821918 0 0 0 0 0 0 0 0
0 0 0.122699 0 0 0 0 0 0 0 0
0 0 0.0592629 0 0 0 0 0 0 0 0
0 0 0.051398 0 0 0 0 0 0 0 0
0 0 0.271523 0 0 0 0 0 0 0 0
0 0 0.200935 0 0 0 0 0 0 0 0
0 0 0.229008 0 0 0 0 0 0 0 0
0 0 0.479705 0 0 0 0 0 0 0 0
0 0 0.598326 0 0 0 0 0 0 0 0
0 0 0.679389 0 0 0 0 0 0 0 0
0 0 0.509455 0 0 0 0 0 0 0 0
0 0 0.435934 0 0 0 0 0 0 0 0
0 0 0.127792 0 0 0 0 0 0 0 0
0 0 0.326162 0 0 0 0 0 0 0 0
0 0 0.299559 0 0 0 0 0 0 0 0
0 0 0.694656 0 0 0 0 0 0 0 0
0 0 0.299559 0 0 0 0 0 0 0 0
0 0 0.694656 0 0 0 0 0 0 0 0
0 0 0.612903 0 0 0 0 0 0 0 0
1 0 0.516304 0 0 0 0 9.75 5.69 100 0
1 1 0.604317 0 0 0 0 9.29 5.09 0 0
1 1 0.958589 0 0 0 0 9.11 5.03 0 0
1 1 0.968872 0 0 0 0 9.46 5.09 50 0
1 0 0.546392 0 0 0 0 8.64 5.05 100 0
1 1 0.597122 0 0 0 0 8.23 4.52 0 0
1 1 0.957121 0 0 0 0 8.07 4.47 0 0
1 1 0.968872 0 0 0 0 8.37 4.52 50 0
1 0 0.766467 0 0 0 0 0 0 0 0
0 0 0.481699 0 0 0 0 0 0 0 0
1 1 0.290323 0 0 0 0 10.38 6.02 0 0
1 1 0.511931 0 0 0 0 10.34 5.99 0 0
0 0 0.163043 0 0 0 0 0 0 0 0
0 0 0.163561 0 0 0 0 0 0 0 0
1 1 0.528662 0 0 0 0 14.96 9.93 100 0
1 0 0.516807 0 0 0 0 15.26 10.11 100 0
0 0 0.178808 0 0 0 0 0 0 0 0
0 0 0.477564 0 0 0 0 0 0 0 0
0 0 0.345763 0 0 0 0 0 0 0 0
0 0 0.178808 0 0 0 0 0 0 0 0
0 0 0.0859375 0 0 0 0 0 0 0 0
0 0 0.197044 0 0 0 0 0 0 0 0
0 0 0.617516 0 0 0 0 0 0 0 0
0 0 0.527613 0 0 0 0 0 0 0 0
0 0 0.71564 0 0 0 0 0 0 0 0
0 0 0.596899 0 0 0 0 0 0 0 0
1 1 0.622047 0 0 0 0 3.06 1.81 100 0
1 0 0.472727 0 0 0 0 3 1.71 100 0
0 0 0.409697 0 0 0 0 0 0 0 0
0 0 0.534247 0 0 0 0 0 0 0 0
1 0 0.594595 0 0 0 0 3.03 1.85 42.86 0
0 0 0.35585 0 0 0 0 0 0 0 0
1 0 0.516304 0 0 0 0 9.75 5.69 100 0
1 1 0.604317 0 0 0 0 9.29 5.09 0 0
1 1 0.958589 0 0 0 0 9.11 5.03 0 0
1 1 0.968872 0 0 0 0 9.4 5.09 50 0
1 0 0.546392 0 0 0 0 8.64 5.05 100 0
1 1 0.597122 0 0 0 0 8.23 4.52 0 0
1 1 0.957121 0 0 0 0 8.07 4.47 0 0
1 1 0.968872 0 0 0 0 8.32 4.52 50 0
0 0 0.238411 0 0 0 0 0 0 0 0
0 0 0.205387 0 0 0 0 0 0 0 0
0 0 0.387452 0 0 0 0 0 0 0 0
0 0 0.378747 0 0 0 0 0 0 0 0
0 0 0.0776071 0 0 0 0 0 0 0 0
1 1 0.513089 0 0 0 0 15.41 10.81 100 0
0 0 0.05015 0 0 0 0 0 0 0 0
1 1 0.846561 0 0 0 0 10.34 6.08 83.33 0
1 1 0.493827 0 0 0 0 10.61 6.53 100 0
0 0 0.378486 0 0 0 0 0 0 0 0
0 0 0.233333 0 0 0 0 0 0 0 0
0 0 0.307346 0 0 0 0 0 0 0 0
0 0 0.44898 0 0 0 0 0 0 0 0
0 0 0.192053 0 0 0 0 0 0 0 0
0 0 0.583333 0 0 0 0 0 0 0 0
0 0 0.361702 0 0 0 0 0 0 0 0
0 0 0.78392 0 0 0 0 0 0 0 0
0 0 0.526882 0 0 0 0 0 0 0 0
0 0 0.514793 0 0 0 0 0 0 0 0
0 0 0.600522 0 0 0 0 0 0 0 0
0 0 0.583333 0 0 0 0 0 0 0 0
0 0 0.361702 0 0 0 0 0 0 0 0
0 0 0.78392 0 0 0 0 0 0 0 0
0 0 0.526882 0 0 0 0 0 0 0 0
0 0 0.514793 0 0 0 0 0 0 0 0
0 0 0.18663 0 0 0 0 0 0 0 0
0 0 0.8 0 0 0 0 0 0 0 0
1 0 0.516304 0 0 0 0 9.75 5.69 100 0
1 1 0.604317 0 0 0 0 9.29 5.09 0 0
1 1 0.958589 0 0 0 0 9.11 5.03 0 0
1 1 0.968872 0 0 0 0 9.4 5.09 50 0
1 0 0.546392 0 0 0 0 8.64 5.05 100 0
1 1 0.597122 0 0 0 0 8.23 4.52 0 0
1 1 0.957121 0 0 0 0 8.07 4.47 0 0
1 1 0.968872 0 0 0 0 8.32 4.52 50 0
0 0 0.566879 0 0 0 0 0 0 0 0
1 1 0.621399 0 0 0 0 9.1 5.45 71.43 0
0 0 0.519231 0 0 0 0 0 0 0 0
0 0 0.288462 0 0 0 0 0 0 0 0
1 1 0.480164 0 0 0 0 14.98 8.92 100 0
1 1 0.586957 0 0 0 0 14.5 9.07 0 0
1 0 0.758929 0 0 0 0 14.38 9.07 100 0
0 0 0.390826 0 0 0 0 0 0 0 0
1 1 0.600823 0 0 0 0 14.55 9.08 0 0
1 1 0.544974 0 0 0 0 13.88 9.89 100 0
1 1 0.982143 0 0 0 0 13.42 9.2 100 0
1 1 0.31982 0 0 0 0 13.42 8.83 100 0
1 1 0.31982 0 0 0 0 13.42 8.83 100 0
1 0 0.292453 0 0 0 0 13.59 8.65 100 0
1 0 0.33125 0 0 0 0 14.13 8.83 100 0
0 0 0.170608 0 0 0 0 0 0 0 0
0 0 0.302585 0 0 0 0 0 0 0 0
1 0 0.391122 0 0 0 0 17.39 8.83 100 0
1 0 0.318471 0 0 0 0 17.42 8.83 100 0
1 0 0.375 0 0 0 0 17.42 8.83 100 0
1 1 0.32526 0 0 0 0 13.09 8.45 0 0
1 1 0.490874 0 0 0 0 13.72 8.72 0 0
1 1 0.838488 0 0 0 0 17.98 12.65 45.45 0
1 1 0.593333 0 0 0 0 8.92 4.98 100 0
1 1 0.538265 0 0 0 0 9.05 5.69 78.57 0
0 0 0.511628 0 0 0 0 0 0 0 0
0 0 0.548077 0 0 0 0 0 0 0 0
0 0 0.508434 0 0 0 0 0 0 0 0
0 0 0.497773 0 0 0 0 0 0 0 0
1 1 0.527624 0 0 0 0 9.06 4.91 69.23 0
0 0 0.527273 0 0 0 0 0 0 0 0
0 0 0.509831 0 0 0 0 0 0 0 0
0 0 0.42355 0 0 0 0 0 0 0 0
0 0 0.441452 0 0 0 0 0 0 0 0
1 1 0.384783 0 0 0 0 8.94 4.84 47.06 0
0 0 0.507541 0 0 0 0 0 0 0 0
1 0 0.379104 0 0 0 0 8.86 5.23 92.31 0
1 1 0.395894 0 0 0 0 9.12 5.6 92.31 0
1 1 0.52657 0 0 0 0 16.14 11.05 87.5 0
1 1 0.502415 0 0 0 0 16.14 11.05 87.5 0
0 0 0.545455 0 0 0 0 0 0 0 0
0 0 0.507519 0 0 0 0 0 0 0 0
0 0 0.574203 0 0 0 0 0 0 0 0
1 0 0.682353 0 0 0 0 0 0 0 0
1 0 0.58689 0 0 0 0 0 0 0 0
1 0 0.5 0 0 0 0 0 0 0 0
1 0 0.617977 0 0 0 0 0 0 0 0
0 0 0.133479 0 0 0 0 0 0 0 0
1 0 0.412088 0 0 0 0 14.42 9.34 100 0
0 0 0.507299 0 0 0 0 0 0 0 0
1 1 0.590038 0 0 0 0 14.46 9 100 0
1 1 0.496945 0 0 0 0 13.87 8.33 71.43 0
1 1 0.648551 0 0 0 0 14.36 9.15 50 0
0 0 0.478386 0 0 0 0 0 0 0 0
0 0 0.25072 0 0 0 0 0 0 0 0
1 1 0.788235 0 0 0 0 8.9 5.96 100 0
0 0 0.446809 0 0 0 0 0 0 0 0
1 0 0.263158 0 0 0 0 8.66 5.61 100 0
0 0 0.071409 0 0 0 0 0 0 0 0
1 1 0.34375 0 0 0 0 9.01 6.36 0 0
1 1 0.857143 0 0 0 0 0.3 0.38 100 0
1 1 0.887097 0 0 0 0 0.3 0.38 100 0
1 1 0.480447 0 0 0 0 0.3 0.38 86.67 0
1 1 0.609148 0 0 0 0 0.3 0.38 100 0
0 0 0.215292 0 0 0 0 0 0 0 0
0 0 0.655172 0 0 0 0 0 0 0 0
1 1 0.560976 0 0 0 0 0.3 0.38 0 0
1 1 0.621762 0 0 0 0 0.3 0.38 0 0
1 1 0.77451 0 0 0 0 0.3 0.38 0 0
1 1 0.711268 0 0 0 0 0.3 0.38 0 0
1 1 0.767742 0 0 0 0 0.3 0.38 0 0
1 1 0.522648 0 0 0 0 0.3 0.38 0 0
1 1 0.791045 0 0 0 0 0.3 0.38 0 0
1 1 0.871429 0 0 0 0 0.3 0.38 0 0
1 1 0.800948 0 0 0 0 0.3 0.38 0 0
1 1 0.818565 0 0 0 0 0.3 0.38 0 0
1 1 0.84507 0 0 0 0 0.3 0.38 66.67 0
1 1 0.728435 0 0 0 0 0.3 0.38 0 0
1 1 0.771357 0 0 0 0 0.3 0.38 0 0
1 1 0.567951 0 0 0 0 0.3 0.38 0 0
1 1 0.777143 0 0 0 0 0.3 0.38 0 0
0 0 0.0439622 0 0 0 0 0 0 0 0
0 0 0.192053 0 0 0 0 0 0 0 0
0 0 0.18543 0 0 0 0 0 0 0 0
1 1 0.857143 0 0 0 0 0.3 0.38 100 0
1 1 0.887097 0 0 0 0 0.3 0.38 100 0
1 1 0.480447 0 0 0 0 0.3 0.38 86.67 0
1 1 0.609148 0 0 0 0 0.3 0.38 100 0
0 0 0.215292 0 0 0 0 0 0 0 0
0 0 0.655172 0 0 0 0 0 0 0 0
1 1 0.560976 0 0 0 0 0.3 0.38 0 0
1 1 0.621762 0 0 0 0 0.3 0.38 0 0
1 1 0.77451 0 0 0 0 0.3 0.38 0 0
1 1 0.711268 0 0 0 0 0.3 0.38 0 0
1 1 0.767742 0 0 0 0 0.3 0.38 0 0
1 1 0.522648 0 0 0 0 0.3 0.38 0 0
1 1 0.791045 0 0 0 0 0.3 0.38 0 0
1 1 0.871429 0 0 0 0 0.3 0.38 0 0
1 1 0.800948 0 0 0 0 0.3 0.38 0 0
1 1 0.818565 0 0 0 0 0.3 0.38 0 0
1 1 0.84507 0 0 0 0 0.3 0.38 66.67 0
1 1 0.728435 0 0 0 0 0.3 0.38 0 0
1 1 0.771357 0 0 0 0 0.3 0.38 0 0
1 1 0.567951 0 0 0 0 0.3 0.38 0 0
1 1 0.777143 0 0 0 0 0.3 0.38 0 0
0 0 0.0439622 0 0 0 0 0 0 0 0
0 0 0.192053 0 0 0 0 0 0 0 0
0 0 0.18543 0 0 0 0 0 0 0 0
1 1 0.857143 0 0 0 0 0.3 0.38 100 0
1 1 0.887097 0 0 0 0 0.3 0.38 100 0
1 1 0.480447 0 0 0 0 0.3 0.38 86.67 0
1 1 0.609148 0 0 0 0 0.3 0.38 100 0
0 0 0.215292 0 0 0 0 0 0 0 0
0 0 0.655172 0 0 0 0 0 0 0 0
1 1 0.560976 0 0 0 0 0.3 0.38 0 0
1 1 0.621762 0 0 0 0 0.3 0.38 0 0
1 1 0.77451 0 0 0 0 0.3 0.38 0 0
1 1 0.711268 0 0 0 0 0.3 0.38 0 0
1 1 0.767742 0 0 0 0 0.3 0.38 0 0
1 1 0.522648 0 0 0 0 0.3 0.38 0 0
1 1 0.791045 0 0 0 0 0.3 0.38 0 0
1 1 0.871429 0 0 0 0 0.3 0.38 0 0
1 1 0.800948 0 0 0 0 0.3 0.38 0 0
1 1 0.818565 0 0 0 0 0.3 0.38 0 0
1 1 0.84507 0 0 0 0 0.3 0.38 66.67 0
1 1 0.728435 0 0 0 0 0.3 0.38 0 0
1 1 0.771357 0 0 0 0 0.3 0.38 0 0
1 1 0.567951 0 0 0 0 0.3 0.38 0 0
1 1 0.777143 0 0 0 0 0.3 0.38 0 0
0 0 0.0439622 0 0 0 0 0 0 0 0
0 0 0.192053 0 0 0 0 0 0 0 0
0 0 0.18543 0 0 0 0 0 0 0 0
1 1 0.857143 0 0 0 0 0.3 0.38 100 0
1 1 0.887097 0 0 0 0 0.3 0.38 100 0
1 1 0.480447 0 0 0 0 0.3 0.38 86.67 0
1 1 0.609148 0 0 0 0 0.3 0.38 100 0
0 0 0.215292 0 0 0 0 0 0 0 0
0 0 0.655172 0 0 0 0 0 0 0 0
1 1 0.560976 0 0 0 0 0.3 0.38 0 0
1 1 0.621762 0 0 0 0 0.3 0.38 0 0
1 1 0.77451 0 0 0 0 0.3 0.38 0 0
1 1 0.711268 0 0 0 0 0.3 0.38 0 0
1 1 0.767742 0 0 0 0 0.3 0.38 0 0
1 1 0.522648 0 0 0 0 0.3 0.38 0 0
1 1 0.791045 0 0 0 0 0.3 0.38 0 0
1 1 0.871429 0 0 0 0 0.3 0.38 0 0
1 1 0.800948 0 0 0 0 0.3 0.38 0 0
1 1 0.818565 0 0 0 0 0.3 0.38 0 0
1 1 0.84507 0 0 0 0 0.3 0.38 66.67 0
1 1 0.728435 0 0 0 0 0.3 0.38 0 0
1 1 0.771357 0 0 0 0 0.3 0.38 0 0
1 1 0.567951 0 0 0 0 0.3 0.38 0 0
1 1 0.777143 0 0 0 0 0.3 0.38 0 0
0 0 0.0439622 0 0 0 0 0 0 0 0
0 0 0.192053 0 0 0 0 0 0 0 0
0 0 0.18543 0 0 0 0 0 0 0 0
1 1 0.857143 0 0 0 0 0.3 0.38 100 0
1 1 0.887097 0 0 0 0 0.3 0.38 100 0
1 1 0.480447 0 0 0 0 0.3 0.38 86.67 0
1 1 0.609148 0 0 0 0 0.3 0.38 100 0
0 0 0.215292 0 0 0 0 0 0 0 0
0 0 0.655172 0 0 0 0 0 0 0 0
1 1 0.560976 0 0 0 0 0.3 0.38 0 0
1 1 0.621762 0 0 0 0 0.3 0.38 0 0
1 1 0.77451 0 0 0 0 0.3 0.38 0 0
1 1 0.711268 0 0 0 0 0.3 0.38 0 0
1 1 0.767742 0 0 0 0 0.3 0.38 0 0
1 1 0.522648 0 0 0 0 0.3 0.38 0 0
1 1 0.791045 0 0 0 0 0.3 0.38 0 0
1 1 0.871429 0 0 0 0 0.3 0.38 0 0
1 1 0.800948 0 0 0 0 0.3 0.38 0 0
1 1 0.818565 0 0 0 0 0.3 0.38 0 0
1 1 0.84507 0 0 0 0 0.3 0.38 66.67 0
1 1 0.728435 0 0 0 0 0.3 0.38 0 0
1 1 0.771357 0 0 0 0 0.3 0.38 0 0
1 1 0.567951 0 0 0 0 0.3 0.38 0 0
1 1 0.777143 0 0 0 0 0.3 0.38 0 0
0 0 0.0439622 0 0 0 0 0 0 0 0
0 0 0.192053 0 0 0 0 0 0 0 0
0 0 0.18543 0 0 0 0 0 0 0 0
0 0 0.216028 0 0 0 0 0 0 0 0
0 0 0.356736 0 0 0 0 0 0 0 0
0 0 0.506596 0 0 0 0 0 0 0 0
0 0 0.24 0 0 0 0 0 0 0 0
1 1 0.479021 0 0 0 0 10.32 5.9 45.45 0
1 1 0.750789 0 0 0 0 10.41 6.12 36.36 0
1 1 0.528689 0 0 0 0 15.45 9.94 100 0
1 1 0.494624 0 0 0 0 15.4 10.15 100 0
0 0 0.104693 0 0 0 0 0 0 0 0
1 0 0.296675 0 0 0 0 16.67 11.7 100 0
0 0 0.0900826 0 0 0 0 0 0 0 0
0 0 0.645381 0 0 0 0 0 0 0 0
0 0 0.0883895 0 0 0 0 0 0 0 0
1 0 0.330401 0 0 0 0 7.9 4.19 100 0
1 1 0.682353 0 0 0 0 8.28 4.73 100 0
0 0 0.388235 0 0 0 0 0 0 0 0
1 1 0.510067 0 0 0 0 8.05 4.61 100 0
1 1 0.516667 0 0 0 0 7.54 4.2 100 0
0 0 0.148936 0 0 0 0 0 0 0 0
1 1 0.1513 0 0 0 0 8.26 4.64 0 0
1 1 0.463415 0 0 0 0 8.15 4.56 0 0
0 0 0.11612 0 0 0 0 0 0 0 0
0 0 0.217172 0 0 0 0 0 0 0 0
0 0 0.21 0 0 0 0 0 0 0 0
1 1 0.580189 0 0 0 0 8.31 4.66 0 0
1 1 0.329365 0 0 0 0 8.33 4.66 0 0
1 1 0.680851 0 0 0 0 8.41 4.7 0 0
1 1 0.939271 0 0 0 0 8.33 4.66 0 0
0 0 0.487243 0 0 0 0 0 0 0 0
1 1 0.670455 0 0 0 0 8.34 4.66 0 0
0 0 0.0959165 0 0 0 0 0 0 0 0
0 0 0.345588 0 0 0 0 0 0 0 0
1 1 0.383292 0 0 0 0 10.71 7.08 76.92 0
1 0 0.444015 0 0 0 0 10.34 6.62 84.62 0
1 1 0.472012 0 0 0 0 10.35 6.51 0 0
0 0 0.203055 0 0 0 0 0 0 0 0
0 0 0.341328 0 0 0 0 0 0 0 0
1 1 0.366337 0 0 0 0 7.1 4.6 100 0
0 0 0.198676 0 0 0 0 0 0 0 0
1 0 0.701299 0 0 0 0 5.59 3.18 90.91 0
1 1 0.492063 0 0 0 0 5.27 2.87 100 0
0 0 0.263009 0 0 0 0 0 0 0 0
0 0 0.57177 0 0 0 0 0 0 0 0
1 0 0.34466 0 0 0 0 5.66 3.18 90.91 0
0 0 0.899306 0 0 0 0 0 0 0 0
1 0 0.397436 0 0 0 0 5.16 2.7 100 0
0 0 0.345588 0 0 0 0 0 0 0 0
1 1 0.378378 0 0 0 0 14.21 9.4 76.92 0
1 0 0.442085 0 0 0 0 13.72 8.8 84.62 0
1 1 0.470499 0 0 0 0 13.74 8.65 0 0
0 0 0.203971 0 0 0 0 0 0 0 0
0 0 0.338868 0 0 0 0 0 0 0 0
1 1 0.366337 0 0 0 0 9.42 6.12 100 0
0 0 0.322042 0 0 0 0 0 0 0 0
0 0 0.198676 0 0 0 0 0 0 0 0
1 0 0.701299 0 0 0 0 7.42 4.23 90.91 0
1 1 0.492063 0 0 0 0 6.99 3.82 100 0
0 0 0.263955 0 0 0 0 0 0 0 0
0 0 0.57177 0 0 0 0 0 0 0 0
1 0 0.347087 0 0 0 0 7.51 4.23 90.91 0
1 1 0.724409 0 0 0 0 7.63 4.23 100 0
0 0 0.654088 0 0 0 0 0 0 0 0
1 1 0.888889 0 0 0 0 6.86 3.89 60 0
1 1 0.562929 0 0 0 0 18.34 13.22 92.86 0
0 0 0.337178 0 0 0 0 0 0 0 0
0 0 0.460993 0 0 0 0 0 0 0 0
0 0 0.614525 0 0 0 0 0 0 0 0
0 0 0.486038 0 0 0 0 0 0 0 0
