1 1 0.200397 0 0 0 0 10.81 6.58 0 0
1 1 0.200397 0 0 0 0 10.79 6.58 0 0
1 1 0.200397 0 0 0 0 10.59 6.44 0 0
0 0 0.21656 0 0 0 0 0 0 0 0
0 0 0.211812 0 0 0 0 0 0 0 0
0 0 0.126271 0 0 0 0 0 0 0 0
0 0 0.131646 0 0 0 0 0 0 0 0
1 0 0.188988 0 0 0 0 9.26 5.29 100 0
0 0 0.143336 0 0 0 0 0 0 0 0
0 0 0.0506865 0 0 0 0 0 0 0 0
0 0 0.0514572 0 0 0 0 0 0 0 0
0 0 0.12961 0 0 0 0 0 0 0 0
0 0 0.369318 0 0 0 0 0 0 0 0
0 0 0.247788 0 0 0 0 0 0 0 0
0 0 0.386768 0 0 0 0 0 0 0 0
0 0 0.102101 0 0 0 0 0 0 0 0
0 0 0.226475 0 0 0 0 0 0 0 0
0 0 0.14081 0 0 0 0 0 0 0 0
0 0 0.421053 0 0 0 0 0 0 0 0
1 1 0.341924 0 0 0 0 10.31 6.03 41.67 0
0 0 0.222598 0 0 0 0 0 0 0 0
0 0 0.11243 0 0 0 0 0 0 0 0
0 0 0.161664 0 0 0 0 0 0 0 0
0 0 0.162693 0 0 0 0 0 0 0 0
1 0 0.0865604 0 0 0 0 12.32 7.33 100 0
1 0 0.0813187 0 0 0 0 12.31 7.33 100 0
1 0 0.240497 0 0 0 0 14.12 7.7 84.38 0
1 0 0.123572 0 0 0 0 15.4 7.51 100 0
0 0 0.221945 0 0 0 0 0 0 0 0
1 0 0.174436 0 0 0 0 13.31 8.13 100 0
1 1 0.204771 0 0 0 0 13.34 9.11 100 0
0 0 0.151332 0 0 0 0 0 0 0 0
0 0 0.213304 0 0 0 0 0 0 0 0
1 0 0.268966 0 0 0 0 14.34 10.14 100 0
0 0 0.276146 0 0 0 0 0 0 0 0
0 0 0.155936 0 0 0 0 0 0 0 0
0 0 0.320034 0 0 0 0 0 0 0 0
0 0 0.0613079 0 0 0 0 0 0 0 0
0 0 0.201646 0 0 0 0 0 0 0 0
1 1 0.162349 0 0 0 0 14.4 8.85 80 0
0 0 0.209524 0 0 0 0 0 0 0 0
0 0 0.0458993 0 0 0 0 0 0 0 0
0 0 0.351641 0 0 0 0 0 0 0 0
0 0 0.260051 0 0 0 0 0 0 0 0
0 0 0.223752 0 0 0 0 0 0 0 0
0 0 0.263261 0 0 0 0 0 0 0 0
0 0 0.251467 0 0 0 0 0 0 0 0
0 0 0.206332 0 0 0 0 0 0 0 0
0 0 0.154632 0 0 0 0 0 0 0 0
0 0 0.11828 0 0 0 0 0 0 0 0
0 0 0.186257 0 0 0 0 0 0 0 0
0 0 0.186594 0 0 0 0 0 0 0 0
0 0 0.206612 0 0 0 0 0 0 0 0
0 0 0.264234 0 0 0 0 0 0 0 0
0 0 0.206074 0 0 0 0 0 0 0 0
0 0 0.141463 0 0 0 0 0 0 0 0
0 0 0.0957004 0 0 0 0 0 0 0 0
0 0 0.248427 0 0 0 0 0 0 0 0
0 0 0.0706941 0 0 0 0 0 0 0 0
0 0 0.165919 0 0 0 0 0 0 0 0
0 0 0.149038 0 0 0 0 0 0 0 0
0 0 0.152866 0 0 0 0 0 0 0 0
0 0 0.0938511 0 0 0 0 0 0 0 0
0 0 0.0938511 0 0 0 0 0 0 0 0
0 0 0.114914 0 0 0 0 0 0 0 0
0 0 0.101737 0 0 0 0 0 0 0 0
0 0 0.236573 0 0 0 0 0 0 0 0
0 0 0.158458 0 0 0 0 0 0 0 0
0 0 0.1741 0 0 0 0 0 0 0 0
0 0 0.216912 0 0 0 0 0 0 0 0
0 0 0.164049 0 0 0 0 0 0 0 0
0 0 0.188849 0 0 0 0 0 0 0 0
0 0 0.200319 0 0 0 0 0 0 0 0
0 0 0.173669 0 0 0 0 0 0 0 0
0 0 0.203922 0 0 0 0 0 0 0 0
0 0 0.204218 0 0 0 0 0 0 0 0
0 0 0.206573 0 0 0 0 0 0 0 0
0 0 0.160752 0 0 0 0 0 0 0 0
0 0 0.19096 0 0 0 0 0 0 0 0
0 0 0.201835 0 0 0 0 0 0 0 0
0 0 0.217708 0 0 0 0 0 0 0 0
0 0 0.15404 0 0 0 0 0 0 0 0
0 0 0.23652 0 0 0 0 0 0 0 0
0 0 0.0458993 0 0 0 0 0 0 0 0
0 0 0.305285 0 0 0 0 0 0 0 0
0 0 0.27328 0 0 0 0 0 0 0 0
0 0 0.255639 0 0 0 0 0 0 0 0
0 0 0.223752 0 0 0 0 0 0 0 0
0 0 0.263261 0 0 0 0 0 0 0 0
0 0 0.251467 0 0 0 0 0 0 0 0
0 0 0.206332 0 0 0 0 0 0 0 0
0 0 0.154632 0 0 0 0 0 0 0 0
0 0 0.11828 0 0 0 0 0 0 0 0
0 0 0.186257 0 0 0 0 0 0 0 0
0 0 0.186594 0 0 0 0 0 0 0 0
0 0 0.206612 0 0 0 0 0 0 0 0
0 0 0.264234 0 0 0 0 0 0 0 0
0 0 0.206074 0 0 0 0 0 0 0 0
0 0 0.141463 0 0 0 0 0 0 0 0
0 0 0.0957004 0 0 0 0 0 0 0 0
0 0 0.246779 0 0 0 0 0 0 0 0
0 0 0.0700514 0 0 0 0 0 0 0 0
0 0 0.165919 0 0 0 0 0 0 0 0
0 0 0.149038 0 0 0 0 0 0 0 0
0 0 0.152866 0 0 0 0 0 0 0 0
0 0 0.0938511 0 0 0 0 0 0 0 0
0 0 0.0938511 0 0 0 0 0 0 0 0
0 0 0.114914 0 0 0 0 0 0 0 0
0 0 0.101737 0 0 0 0 0 0 0 0
0 0 0.236573 0 0 0 0 0 0 0 0
0 0 0.158458 0 0 0 0 0 0 0 0
0 0 0.1741 0 0 0 0 0 0 0 0
0 0 0.216912 0 0 0 0 0 0 0 0
0 0 0.141706 0 0 0 0 0 0 0 0
0 0 0.188849 0 0 0 0 0 0 0 0
0 0 0.200319 0 0 0 0 0 0 0 0
0 0 0.173669 0 0 0 0 0 0 0 0
0 0 0.203922 0 0 0 0 0 0 0 0
0 0 0.204218 0 0 0 0 0 0 0 0
0 0 0.206573 0 0 0 0 0 0 0 0
0 0 0.159708 0 0 0 0 0 0 0 0
0 0 0.19096 0 0 0 0 0 0 0 0
0 0 0.201835 0 0 0 0 0 0 0 0
0 0 0.217708 0 0 0 0 0 0 0 0
0 0 0.15404 0 0 0 0 0 0 0 0
0 0 0.23688 0 0 0 0 0 0 0 0
1 1 0.174046 0 0 0 0 13.65 8.79 0 0
0 0 0.201219 0 0 0 0 0 0 0 0
1 1 0.307438 0 0 0 0 13.53 9.28 0 0
0 0 0.257368 0 0 0 0 0 0 0 0
0 0 0.203833 0 0 0 0 0 0 0 0
1 0 0.144357 0 0 0 0 14.56 9.01 100 0
0 0 0.167476 0 0 0 0 0 0 0 0
0 0 0.200642 0 0 0 0 0 0 0 0
0 0 0.188547 0 0 0 0 0 0 0 0
1 0 0.204861 0 0 0 0 15.52 10.24 100 0
0 0 0.189189 0 0 0 0 0 0 0 0
0 0 0.249027 0 0 0 0 0 0 0 0
0 0 0.209898 0 0 0 0 0 0 0 0
1 1 0.175 0 0 0 0 15.06 9.81 100 0
0 0 0.170591 0 0 0 0 0 0 0 0
0 0 0.178826 0 0 0 0 0 0 0 0
0 0 0.057647 0 0 0 0 0 0 0 0
0 0 0.11162 0 0 0 0 0 0 0 0
0 0 0.266004 0 0 0 0 0 0 0 0
1 1 0.16996 0 0 0 0 14.91 9.65 100 0
0 0 0.19236 0 0 0 0 0 0 0 0
0 0 0.255688 0 0 0 0 0 0 0 0
0 0 0.2 0 0 0 0 0 0 0 0
0 0 0.251222 0 0 0 0 0 0 0 0
0 0 0.0793061 0 0 0 0 0 0 0 0
1 0 0.139601 0 0 0 0 13.88 8.54 100 0
1 1 0.167243 0 0 0 0 13.68 8.26 0 0
0 0 0.216744 0 0 0 0 0 0 0 0
1 1 0.240209 0 0 0 0 13.53 8.22 0 0
0 0 0.119266 0 0 0 0 0 0 0 0
0 0 0.162876 0 0 0 0 0 0 0 0
0 0 0.242424 0 0 0 0 0 0 0 0
1 0 0.139601 0 0 0 0 13.88 8.54 100 0
1 1 0.167243 0 0 0 0 13.68 8.26 0 0
0 0 0.216744 0 0 0 0 0 0 0 0
1 1 0.240209 0 0 0 0 13.53 8.22 0 0
0 0 0.119266 0 0 0 0 0 0 0 0
0 0 0.162876 0 0 0 0 0 0 0 0
0 0 0.242424 0 0 0 0 0 0 0 0
1 0 0.139601 0 0 0 0 13.88 8.54 100 0
1 1 0.167243 0 0 0 0 13.68 8.26 0 0
0 0 0.216744 0 0 0 0 0 0 0 0
1 1 0.240209 0 0 0 0 13.53 8.22 0 0
0 0 0.119266 0 0 0 0 0 0 0 0
0 0 0.162876 0 0 0 0 0 0 0 0
0 0 0.242424 0 0 0 0 0 0 0 0
1 0 0.139601 0 0 0 0 13.88 8.54 100 0
1 1 0.167243 0 0 0 0 13.68 8.26 0 0
0 0 0.216744 0 0 0 0 0 0 0 0
1 1 0.240209 0 0 0 0 13.53 8.22 0 0
0 0 0.119266 0 0 0 0 0 0 0 0
0 0 0.162876 0 0 0 0 0 0 0 0
0 0 0.242424 0 0 0 0 0 0 0 0
1 0 0.139601 0 0 0 0 13.88 8.54 100 0
1 1 0.167243 0 0 0 0 13.68 8.26 0 0
0 0 0.216744 0 0 0 0 0 0 0 0
1 1 0.240209 0 0 0 0 13.53 8.22 0 0
0 0 0.119266 0 0 0 0 0 0 0 0
0 0 0.162876 0 0 0 0 0 0 0 0
0 0 0.242424 0 0 0 0 0 0 0 0
0 0 0.190448 0 0 0 0 0 0 0 0
0 0 0.250653 0 0 0 0 0 0 0 0
0 0 0.132953 0 0 0 0 0 0 0 0
0 0 0.276864 0 0 0 0 0 0 0 0
0 0 0.198874 0 0 0 0 0 0 0 0
0 0 0.191956 0 0 0 0 0 0 0 0
0 0 0.110689 0 0 0 0 0 0 0 0
0 0 0.0698413 0 0 0 0 0 0 0 0
0 0 0.176211 0 0 0 0 0 0 0 0
0 0 0.206954 0 0 0 0 0 0 0 0
0 0 0.227273 0 0 0 0 0 0 0 0
0 0 0.0738853 0 0 0 0 0 0 0 0
0 0 0.0651297 0 0 0 0 0 0 0 0
0 0 0.0674824 0 0 0 0 0 0 0 0
0 0 0.0714932 0 0 0 0 0 0 0 0
0 0 0.0884086 0 0 0 0 0 0 0 0
0 0 0.051759 0 0 0 0 0 0 0 0
0 0 0.0578926 0 0 0 0 0 0 0 0
0 0 0.0978078 0 0 0 0 0 0 0 0
0 0 0.253788 0 0 0 0 0 0 0 0
0 0 0.0961099 0 0 0 0 0 0 0 0
0 0 0.0691791 0 0 0 0 0 0 0 0
0 0 0.199074 0 0 0 0 0 0 0 0
1 0 0.278182 0 0 0 0 9.88 6.31 100 0
0 0 0.230324 0 0 0 0 0 0 0 0
0 0 0.41855 0 0 0 0 0 0 0 0
0 0 0.240536 0 0 0 0 0 0 0 0
1 1 0.173239 0 0 0 0 10.2 6.01 100 0
0 0 0.0634072 0 0 0 0 0 0 0 0
0 0 0.235018 0 0 0 0 0 0 0 0
0 0 0.262952 0 0 0 0 0 0 0 0
0 0 0.213318 0 0 0 0 0 0 0 0
0 0 0.210376 0 0 0 0 0 0 0 0
0 0 0.392903 0 0 0 0 0 0 0 0
0 0 0.242568 0 0 0 0 0 0 0 0
0 0 0.406598 0 0 0 0 0 0 0 0
0 0 0.201581 0 0 0 0 0 0 0 0
0 0 0.147621 0 0 0 0 0 0 0 0
0 0 0.145319 0 0 0 0 0 0 0 0
0 0 0.251488 0 0 0 0 0 0 0 0
0 0 0.174538 0 0 0 0 0 0 0 0
0 0 0.17623 0 0 0 0 0 0 0 0
0 0 0.273102 0 0 0 0 0 0 0 0
0 0 0.148148 0 0 0 0 0 0 0 0
1 0 0.173824 0 0 0 0 13.72 8.47 700 0
0 0 0.163302 0 0 0 0 0 0 0 0
0 0 0.180282 0 0 0 0 0 0 0 0
0 0 0.271111 0 0 0 0 0 0 0 0
1 1 0.194272 0 0 0 0 10.91 6.62 100 0
0 0 0.128929 0 0 0 0 0 0 0 0
1 0 0.1841 0 0 0 0 10.35 5.8 90.91 0
0 0 0.163302 0 0 0 0 0 0 0 0
0 0 0.180282 0 0 0 0 0 0 0 0
0 0 0.270115 0 0 0 0 0 0 0 0
1 1 0.194272 0 0 0 0 10.91 6.62 100 0
0 0 0.128929 0 0 0 0 0 0 0 0
1 0 0.1841 0 0 0 0 10.35 5.8 90.91 0
0 0 0.163302 0 0 0 0 0 0 0 0
0 0 0.180282 0 0 0 0 0 0 0 0
0 0 0.271111 0 0 0 0 0 0 0 0
1 1 0.194272 0 0 0 0 10.91 6.62 100 0
0 0 0.128396 0 0 0 0 0 0 0 0
1 0 0.1841 0 0 0 0 10.35 5.8 90.91 0
0 0 0.136659 0 0 0 0 0 0 0 0
0 0 0.135802 0 0 0 0 0 0 0 0
0 0 0.136659 0 0 0 0 0 0 0 0
0 0 0.135802 0 0 0 0 0 0 0 0
0 0 0.179126 0 0 0 0 0 0 0 0
0 0 0.238624 0 0 0 0 0 0 0 0
0 0 0.210803 0 0 0 0 0 0 0 0
0 0 0.113076 0 0 0 0 0 0 0 0
0 0 0.181017 0 0 0 0 0 0 0 0
0 0 0.214218 0 0 0 0 0 0 0 0
0 0 0.159107 0 0 0 0 0 0 0 0
0 0 0.0971588 0 0 0 0 0 0 0 0
0 0 0.211856 0 0 0 0 0 0 0 0
0 0 0.170652 0 0 0 0 0 0 0 0
0 0 0.139175 0 0 0 0 0 0 0 0
0 0 0.101472 0 0 0 0 0 0 0 0
0 0 0.138113 0 0 0 0 0 0 0 0
0 0 0.092847 0 0 0 0 0 0 0 0
0 0 0.188917 0 0 0 0 0 0 0 0
0 0 0.115142 0 0 0 0 0 0 0 0
0 0 0.112853 0 0 0 0 0 0 0 0
0 0 0.112853 0 0 0 0 0 0 0 0
0 0 0.11442 0 0 0 0 0 0 0 0
0 0 0.159204 0 0 0 0 0 0 0 0
0 0 0.257862 0 0 0 0 0 0 0 0
0 0 0.279797 0 0 0 0 0 0 0 0
0 0 0.359285 0 0 0 0 0 0 0 0
0 0 0.415248 0 0 0 0 0 0 0 0
0 0 0.435455 0 0 0 0 0 0 0 0
0 0 0.278785 0 0 0 0 0 0 0 0
0 0 0.289931 0 0 0 0 0 0 0 0
0 0 0.277338 0 0 0 0 0 0 0 0
0 0 0.276614 0 0 0 0 0 0 0 0
0 0 0.261762 0 0 0 0 0 0 0 0
0 0 0.346426 0 0 0 0 0 0 0 0
0 0 0.361584 0 0 0 0 0 0 0 0
0 0 0.28125 0 0 0 0 0 0 0 0
0 0 0.454011 0 0 0 0 0 0 0 0
0 0 0.279902 0 0 0 0 0 0 0 0
0 0 0.365222 0 0 0 0 0 0 0 0
0 0 0.267649 0 0 0 0 0 0 0 0
0 0 0.29827 0 0 0 0 0 0 0 0
0 0 0.292359 0 0 0 0 0 0 0 0
0 0 0.278529 0 0 0 0 0 0 0 0
0 0 0.295794 0 0 0 0 0 0 0 0
0 0 0.220065 0 0 0 0 0 0 0 0
0 0 0.139175 0 0 0 0 0 0 0 0
0 0 0.106942 0 0 0 0 0 0 0 0
0 0 0.138113 0 0 0 0 0 0 0 0
0 0 0.0933207 0 0 0 0 0 0 0 0
0 0 0.225947 0 0 0 0 0 0 0 0
0 0 0.0983213 0 0 0 0 0 0 0 0
0 0 0.428969 0 0 0 0 0 0 0 0
0 0 0.257812 0 0 0 0 0 0 0 0
0 0 0.265316 0 0 0 0 0 0 0 0
0 0 0.240035 0 0 0 0 0 0 0 0
0 0 0.246691 0 0 0 0 0 0 0 0
0 0 0.252487 0 0 0 0 0 0 0 0
0 0 0.274016 0 0 0 0 0 0 0 0
0 0 0.0930049 0 0 0 0 0 0 0 0
0 0 0.249593 0 0 0 0 0 0 0 0
0 0 0.412953 0 0 0 0 0 0 0 0
0 0 0.248304 0 0 0 0 0 0 0 0
0 0 0.174533 0 0 0 0 0 0 0 0
0 0 0.201384 0 0 0 0 0 0 0 0
0 0 0.231119 0 0 0 0 0 0 0 0
0 0 0.225127 0 0 0 0 0 0 0 0
0 0 0.220636 0 0 0 0 0 0 0 0
0 0 0.208882 0 0 0 0 0 0 0 0
0 0 0.164733 0 0 0 0 0 0 0 0
0 0 0.165187 0 0 0 0 0 0 0 0
0 0 0.208422 0 0 0 0 0 0 0 0
0 0 0.1374 0 0 0 0 0 0 0 0
0 0 0.164733 0 0 0 0 0 0 0 0
0 0 0.165187 0 0 0 0 0 0 0 0
0 0 0.195946 0 0 0 0 0 0 0 0
0 0 0.168713 0 0 0 0 0 0 0 0
0 0 0.185352 0 0 0 0 0 0 0 0
0 0 0.207777 0 0 0 0 0 0 0 0
0 0 0.227408 0 0 0 0 0 0 0 0
0 0 0.204513 0 0 0 0 0 0 0 0
0 0 0.228718 0 0 0 0 0 0 0 0
0 0 0.215326 0 0 0 0 0 0 0 0
0 0 0.193853 0 0 0 0 0 0 0 0
0 0 0.227002 0 0 0 0 0 0 0 0
0 0 0.164733 0 0 0 0 0 0 0 0
0 0 0.165187 0 0 0 0 0 0 0 0
0 0 0.195946 0 0 0 0 0 0 0 0
0 0 0.222595 0 0 0 0 0 0 0 0
0 0 0.137739 0 0 0 0 0 0 0 0
0 0 0.206682 0 0 0 0 0 0 0 0
1 1 0.29625 0 0 0 0 8.61 6.08 0 0
0 0 0.228329 0 0 0 0 0 0 0 0
0 0 0 0 0 0 0 0 0 0 0
0 0 0.127392 0 0 0 0 0 0 0 0
1 1 0.228223 0 0 0 0 8.13 4.93 100 0
1 0 0.182432 0 0 0 0 8.45 5.72 88.24 0
1 0 0.246175 0 0 0 0 8.54 5.54 100 0
1 0 0.226727 0 0 0 0 8.5 5.5 100 0
0 0 0.172705 0 0 0 0 0 0 0 0
0 0 0.32205 0 0 0 0 0 0 0 0
0 0 0.231018 0 0 0 0 0 0 0 0
0 0 0.206682 0 0 0 0 0 0 0 0
1 1 0.29625 0 0 0 0 8.63 6.09 0 0
0 0 0.228329 0 0 0 0 0 0 0 0
0 0 0 0 0 0 0 0 0 0 0
0 0 0.128599 0 0 0 0 0 0 0 0
0 0 0.207459 0 0 0 0 0 0 0 0
1 1 0.29625 0 0 0 0 8.63 6.09 0 0
0 0 0.0822557 0 0 0 0 0 0 0 0
0 0 0.164496 0 0 0 0 0 0 0 0
0 0 0.22796 0 0 0 0 0 0 0 0
0 0 0 0 0 0 0 0 0 0 0
0 0 0.128771 0 0 0 0 0 0 0 0
0 0 0.252695 0 0 0 0 0 0 0 0
0 0 0.217017 0 0 0 0 0 0 0 0
1 0 0.2975 0 0 0 0 12.78 9.06 89.47 0
0 0 0.206682 0 0 0 0 0 0 0 0
1 1 0.29625 0 0 0 0 8.41 5.97 0 0
0 0 0.22796 0 0 0 0 0 0 0 0
0 0 0 0 0 0 0 0 0 0 0
0 0 0.128081 0 0 0 0 0 0 0 0
0 0 0.192 0 0 0 0 0 0 0 0
0 0 0.202614 0 0 0 0 0 0 0 0
0 0 0.0972827 0 0 0 0 0 0 0 0
0 0 0.146552 0 0 0 0 0 0 0 0
0 0 0.208167 0 0 0 0 0 0 0 0
0 0 0.160929 0 0 0 0 0 0 0 0
0 0 0.124138 0 0 0 0 0 0 0 0
0 0 0.124629 0 0 0 0 0 0 0 0
0 0 0.125123 0 0 0 0 0 0 0 0
0 0 0.124629 0 0 0 0 0 0 0 0
0 0 0.120758 0 0 0 0 0 0 0 0
0 0 0.125618 0 0 0 0 0 0 0 0
0 0 0.124383 0 0 0 0 0 0 0 0
0 0 0.125123 0 0 0 0 0 0 0 0
0 0 0.12537 0 0 0 0 0 0 0 0
0 0 0.125618 0 0 0 0 0 0 0 0
0 0 0.124383 0 0 0 0 0 0 0 0
0 0 0.105121 0 0 0 0 0 0 0 0
0 0 0.108133 0 0 0 0 0 0 0 0
0 0 0.105121 0 0 0 0 0 0 0 0
0 0 0.108133 0 0 0 0 0 0 0 0
0 0 0.1109 0 0 0 0 0 0 0 0
0 0 0.108133 0 0 0 0 0 0 0 0
0 0 0.107934 0 0 0 0 0 0 0 0
0 0 0.105121 0 0 0 0 0 0 0 0
0 0 0.107934 0 0 0 0 0 0 0 0
0 0 0.108133 0 0 0 0 0 0 0 0
0 0 0.108856 0 0 0 0 0 0 0 0
0 0 0.0973451 0 0 0 0 0 0 0 0
0 0 0.128737 0 0 0 0 0 0 0 0
0 0 0.196687 0 0 0 0 0 0 0 0
1 1 0.199732 0 0 0 0 9.5 5.09 50 0
0 0 0.0906149 0 0 0 0 0 0 0 0
0 0 0.128599 0 0 0 0 0 0 0 0
0 0 0.196013 0 0 0 0 0 0 0 0
1 1 0.199732 0 0 0 0 8.41 4.52 50 0
0 0 0.0724138 0 0 0 0 0 0 0 0
0 0 0.26132 0 0 0 0 0 0 0 0
0 0 0.145198 0 0 0 0 0 0 0 0
0 0 0.262843 0 0 0 0 0 0 0 0
0 0 0.263549 0 0 0 0 0 0 0 0
0 0 0.240574 0 0 0 0 0 0 0 0
0 0 0.22696 0 0 0 0 0 0 0 0
0 0 0.239362 0 0 0 0 0 0 0 0
0 0 0.217723 0 0 0 0 0 0 0 0
0 0 0.245014 0 0 0 0 0 0 0 0
0 0 0.126899 0 0 0 0 0 0 0 0
0 0 0.285992 0 0 0 0 0 0 0 0
0 0 0.248181 0 0 0 0 0 0 0 0
0 0 0.2583 0 0 0 0 0 0 0 0
0 0 0.254276 0 0 0 0 0 0 0 0
0 0 0.264063 0 0 0 0 0 0 0 0
0 0 0.240574 0 0 0 0 0 0 0 0
0 0 0.312486 0 0 0 0 0 0 0 0
0 0 0.333216 0 0 0 0 0 0 0 0
0 0 0.28798 0 0 0 0 0 0 0 0
0 0 0.30423 0 0 0 0 0 0 0 0
0 0 0.273635 0 0 0 0 0 0 0 0
0 0 0.274315 0 0 0 0 0 0 0 0
0 0 0.255757 0 0 0 0 0 0 0 0
0 0 0.226923 0 0 0 0 0 0 0 0
0 0 0.252941 0 0 0 0 0 0 0 0
0 0 0.266236 0 0 0 0 0 0 0 0
0 0 0.271447 0 0 0 0 0 0 0 0
0 0 0.287408 0 0 0 0 0 0 0 0
0 0 0.22696 0 0 0 0 0 0 0 0
0 0 0.239362 0 0 0 0 0 0 0 0
0 0 0.218897 0 0 0 0 0 0 0 0
0 0 0.265116 0 0 0 0 0 0 0 0
0 0 0.126899 0 0 0 0 0 0 0 0
0 0 0.285992 0 0 0 0 0 0 0 0
0 0 0.247817 0 0 0 0 0 0 0 0
0 0 0.264867 0 0 0 0 0 0 0 0
0 0 0.25731 0 0 0 0 0 0 0 0
0 0 0.261719 0 0 0 0 0 0 0 0
0 0 0.240574 0 0 0 0 0 0 0 0
0 0 0.22696 0 0 0 0 0 0 0 0
0 0 0.239362 0 0 0 0 0 0 0 0
0 0 0.218897 0 0 0 0 0 0 0 0
0 0 0.245014 0 0 0 0 0 0 0 0
0 0 0.126899 0 0 0 0 0 0 0 0
0 0 0.285992 0 0 0 0 0 0 0 0
0 0 0.245376 0 0 0 0 0 0 0 0
0 0 0.2583 0 0 0 0 0 0 0 0
0 0 0.257895 0 0 0 0 0 0 0 0
0 0 0.261719 0 0 0 0 0 0 0 0
0 0 0.240574 0 0 0 0 0 0 0 0
0 0 0.240574 0 0 0 0 0 0 0 0
0 0 0.240574 0 0 0 0 0 0 0 0
0 0 0.161644 0 0 0 0 0 0 0 0
0 0 0.144385 0 0 0 0 0 0 0 0
0 0 0.197333 0 0 0 0 0 0 0 0
0 0 0.186514 0 0 0 0 0 0 0 0
0 0 0.147157 0 0 0 0 0 0 0 0
0 0 0.0875053 0 0 0 0 0 0 0 0
0 0 0.203515 0 0 0 0 0 0 0 0
0 0 0.200131 0 0 0 0 0 0 0 0
0 0 0.211096 0 0 0 0 0 0 0 0
0 0 0.129594 0 0 0 0 0 0 0 0
0 0 0.110468 0 0 0 0 0 0 0 0
0 0 0.104686 0 0 0 0 0 0 0 0
0 0 0.180573 0 0 0 0 0 0 0 0
0 0 0.206963 0 0 0 0 0 0 0 0
0 0 0.163317 0 0 0 0 0 0 0 0
0 0 0.252226 0 0 0 0 0 0 0 0
0 0 0.173401 0 0 0 0 0 0 0 0
1 0 0.112299 0 0 0 0 0 0 0 0
1 0 0.121693 0 0 0 0 0 0 0 0
1 0 0.156818 0 0 0 0 0 0 0 0
1 0 0.190551 0 0 0 0 0 0 0 0
0 0 0.122845 0 0 0 0 0 0 0 0
0 0 0.138767 0 0 0 0 0 0 0 0
0 0 0.189815 0 0 0 0 0 0 0 0
0 0 0.189815 0 0 0 0 0 0 0 0
0 0 0.206473 0 0 0 0 0 0 0 0
0 0 0.162228 0 0 0 0 0 0 0 0
0 0 0.135238 0 0 0 0 0 0 0 0
0 0 0.148705 0 0 0 0 0 0 0 0
0 0 0.22926 0 0 0 0 0 0 0 0
0 0 0.230473 0 0 0 0 0 0 0 0
0 0 0.239412 0 0 0 0 0 0 0 0
0 0 0.170076 0 0 0 0 0 0 0 0
0 0 0.215891 0 0 0 0 0 0 0 0
0 0 0.133297 0 0 0 0 0 0 0 0
0 0 0.384457 0 0 0 0 0 0 0 0
0 0 0.317411 0 0 0 0 0 0 0 0
0 0 0.25 0 0 0 0 0 0 0 0
0 0 0.294937 0 0 0 0 0 0 0 0
0 0 0.216584 0 0 0 0 0 0 0 0
0 0 0.162257 0 0 0 0 0 0 0 0
0 0 0.193322 0 0 0 0 0 0 0 0
0 0 0.107843 0 0 0 0 0 0 0 0
0 0 0.229358 0 0 0 0 0 0 0 0
0 0 0.162844 0 0 0 0 0 0 0 0
0 0 0.0982399 0 0 0 0 0 0 0 0
0 0 0.168414 0 0 0 0 0 0 0 0
0 0 0.121567 0 0 0 0 0 0 0 0
0 0 0.21573 0 0 0 0 0 0 0 0
0 0 0.204376 0 0 0 0 0 0 0 0
0 0 0.201605 0 0 0 0 0 0 0 0
0 0 0.487023 0 0 0 0 0 0 0 0
0 0 0.221397 0 0 0 0 0 0 0 0
0 0 0 0 0 0 0 0 0 0 0
0 0 0.512337 0 0 0 0 0 0 0 0
0 0 0.499253 0 0 0 0 0 0 0 0
0 0 0.0945529 0 0 0 0 0 0 0 0
0 0 0.195971 0 0 0 0 0 0 0 0
0 0 0.159255 0 0 0 0 0 0 0 0
0 0 0.151319 0 0 0 0 0 0 0 0
0 0 0.175885 0 0 0 0 0 0 0 0
0 0 0.180108 0 0 0 0 0 0 0 0
0 0 0.121302 0 0 0 0 0 0 0 0
0 0 0.203822 0 0 0 0 0 0 0 0
0 0 0.230363 0 0 0 0 0 0 0 0
0 0 0.240557 0 0 0 0 0 0 0 0
0 0 0.186081 0 0 0 0 0 0 0 0
0 0 0.185518 0 0 0 0 0 0 0 0
0 0 0.224344 0 0 0 0 0 0 0 0
0 0 0.251168 0 0 0 0 0 0 0 0
0 0 0.191345 0 0 0 0 0 0 0 0
0 0 0.180473 0 0 0 0 0 0 0 0
0 0 0.190909 0 0 0 0 0 0 0 0
0 0 0.343882 0 0 0 0 0 0 0 0
0 0 0.253181 0 0 0 0 0 0 0 0
0 0 0.2331 0 0 0 0 0 0 0 0
0 0 0.1877 0 0 0 0 0 0 0 0
0 0 0.21351 0 0 0 0 0 0 0 0
0 0 0.227273 0 0 0 0 0 0 0 0
0 0 0.26685 0 0 0 0 0 0 0 0
0 0 0.180983 0 0 0 0 0 0 0 0
0 0 0.34 0 0 0 0 0 0 0 0
0 0 0.121466 0 0 0 0 0 0 0 0
0 0 0.21573 0 0 0 0 0 0 0 0
0 0 0.204376 0 0 0 0 0 0 0 0
0 0 0.201605 0 0 0 0 0 0 0 0
0 0 0.487023 0 0 0 0 0 0 0 0
0 0 0.221397 0 0 0 0 0 0 0 0
0 0 0 0 0 0 0 0 0 0 0
0 0 0.512337 0 0 0 0 0 0 0 0
0 0 0.499253 0 0 0 0 0 0 0 0
0 0 0.0940391 0 0 0 0 0 0 0 0
0 0 0.195971 0 0 0 0 0 0 0 0
0 0 0.1596 0 0 0 0 0 0 0 0
0 0 0.150856 0 0 0 0 0 0 0 0
0 0 0.175885 0 0 0 0 0 0 0 0
0 0 0.180108 0 0 0 0 0 0 0 0
0 0 0.121302 0 0 0 0 0 0 0 0
0 0 0.203822 0 0 0 0 0 0 0 0
0 0 0.229985 0 0 0 0 0 0 0 0
0 0 0.240954 0 0 0 0 0 0 0 0
0 0 0.18638 0 0 0 0 0 0 0 0
0 0 0.185518 0 0 0 0 0 0 0 0
0 0 0.224344 0 0 0 0 0 0 0 0
0 0 0.251168 0 0 0 0 0 0 0 0
0 0 0.191702 0 0 0 0 0 0 0 0
0 0 0.180188 0 0 0 0 0 0 0 0
0 0 0.190909 0 0 0 0 0 0 0 0
0 0 0.343882 0 0 0 0 0 0 0 0
0 0 0.253181 0 0 0 0 0 0 0 0
0 0 0.2331 0 0 0 0 0 0 0 0
0 0 0.187496 0 0 0 0 0 0 0 0
0 0 0.21351 0 0 0 0 0 0 0 0
0 0 0.227273 0 0 0 0 0 0 0 0
0 0 0.26685 0 0 0 0 0 0 0 0
0 0 0.181794 0 0 0 0 0 0 0 0
0 0 0.34 0 0 0 0 0 0 0 0
0 0 0.107902 0 0 0 0 0 0 0 0
0 0 0.894105 0 0 0 0 0 0 0 0
0 0 0.0867 0 0 0 0 0 0 0 0
0 0 0.267943 0 0 0 0 0 0 0 0
0 0 0.297408 0 0 0 0 0 0 0 0
0 0 0.274776 0 0 0 0 0 0 0 0
0 0 0.0991768 0 0 0 0 0 0 0 0
0 0 0.0702141 0 0 0 0 0 0 0 0
0 0 0.168504 0 0 0 0 0 0 0 0
0 0 0.0697535 0 0 0 0 0 0 0 0
0 0 0.152668 0 0 0 0 0 0 0 0
0 0 0.154253 0 0 0 0 0 0 0 0
0 0 0.195822 0 0 0 0 0 0 0 0
0 0 0.0411878 0 0 0 0 0 0 0 0
0 0 0.100229 0 0 0 0 0 0 0 0
0 0 0.232906 0 0 0 0 0 0 0 0
0 0 0.121668 0 0 0 0 0 0 0 0
0 0 0.21573 0 0 0 0 0 0 0 0
0 0 0.204376 0 0 0 0 0 0 0 0
0 0 0.201605 0 0 0 0 0 0 0 0
0 0 0.487023 0 0 0 0 0 0 0 0
0 0 0.221397 0 0 0 0 0 0 0 0
0 0 0 0 0 0 0 0 0 0 0
0 0 0.512337 0 0 0 0 0 0 0 0
0 0 0.499253 0 0 0 0 0 0 0 0
0 0 0.0940391 0 0 0 0 0 0 0 0
0 0 0.195971 0 0 0 0 0 0 0 0
0 0 0.1596 0 0 0 0 0 0 0 0
0 0 0.150856 0 0 0 0 0 0 0 0
0 0 0.176438 0 0 0 0 0 0 0 0
0 0 0.180108 0 0 0 0 0 0 0 0
0 0 0.121302 0 0 0 0 0 0 0 0
0 0 0.203822 0 0 0 0 0 0 0 0
0 0 0.229985 0 0 0 0 0 0 0 0
0 0 0.241352 0 0 0 0 0 0 0 0
0 0 0.186081 0 0 0 0 0 0 0 0
0 0 0.185817 0 0 0 0 0 0 0 0
0 0 0.224344 0 0 0 0 0 0 0 0
0 0 0.251168 0 0 0 0 0 0 0 0
0 0 0.191702 0 0 0 0 0 0 0 0
0 0 0.179619 0 0 0 0 0 0 0 0
0 0 0.190909 0 0 0 0 0 0 0 0
0 0 0.329897 0 0 0 0 0 0 0 0
0 0 0.253435 0 0 0 0 0 0 0 0
0 0 0.2331 0 0 0 0 0 0 0 0
0 0 0.187836 0 0 0 0 0 0 0 0
0 0 0.214717 0 0 0 0 0 0 0 0
0 0 0.22884 0 0 0 0 0 0 0 0
0 0 0.26685 0 0 0 0 0 0 0 0
0 0 0.181524 0 0 0 0 0 0 0 0
0 0 0.340625 0 0 0 0 0 0 0 0
0 0 0.121668 0 0 0 0 0 0 0 0
0 0 0.21573 0 0 0 0 0 0 0 0
0 0 0.204376 0 0 0 0 0 0 0 0
0 0 0.201605 0 0 0 0 0 0 0 0
0 0 0.487023 0 0 0 0 0 0 0 0
0 0 0.221397 0 0 0 0 0 0 0 0
0 0 0 0 0 0 0 0 0 0 0
0 0 0.512337 0 0 0 0 0 0 0 0
0 0 0.499253 0 0 0 0 0 0 0 0
0 0 0.0940391 0 0 0 0 0 0 0 0
0 0 0.195971 0 0 0 0 0 0 0 0
0 0 0.1596 0 0 0 0 0 0 0 0
0 0 0.151319 0 0 0 0 0 0 0 0
0 0 0.176438 0 0 0 0 0 0 0 0
0 0 0.180108 0 0 0 0 0 0 0 0
0 0 0.121302 0 0 0 0 0 0 0 0
0 0 0.203822 0 0 0 0 0 0 0 0
0 0 0.230363 0 0 0 0 0 0 0 0
0 0 0.240557 0 0 0 0 0 0 0 0
0 0 0.18638 0 0 0 0 0 0 0 0
0 0 0.185518 0 0 0 0 0 0 0 0
0 0 0.224344 0 0 0 0 0 0 0 0
0 0 0.251168 0 0 0 0 0 0 0 0
0 0 0.191702 0 0 0 0 0 0 0 0
0 0 0.179903 0 0 0 0 0 0 0 0
0 0 0.190909 0 0 0 0 0 0 0 0
0 0 0.343882 0 0 0 0 0 0 0 0
0 0 0.252926 0 0 0 0 0 0 0 0
0 0 0.2331 0 0 0 0 0 0 0 0
0 0 0.190469 0 0 0 0 0 0 0 0
0 0 0.21351 0 0 0 0 0 0 0 0
0 0 0.227273 0 0 0 0 0 0 0 0
0 0 0.300898 0 0 0 0 0 0 0 0
0 0 0.181524 0 0 0 0 0 0 0 0
0 0 0.34 0 0 0 0 0 0 0 0
0 0 0.200397 0 0 0 0 0 0 0 0
0 0 0.200397 0 0 0 0 0 0 0 0
0 0 0.200397 0 0 0 0 0 0 0 0
0 0 0.21656 0 0 0 0 0 0 0 0
0 0 0.212835 0 0 0 0 0 0 0 0
0 0 0.126271 0 0 0 0 0 0 0 0
0 0 0.131646 0 0 0 0 0 0 0 0
0 0 0.188988 0 0 0 0 0 0 0 0
0 0 0.143336 0 0 0 0 0 0 0 0
1 1 0.0863875 0 0 0 0 14.75 9.44 100 0
1 1 0.0997375 0 0 0 0 14.75 9.44 100 0
1 1 0.110063 0 0 0 0 14.57 9.44 100 0
1 1 0.090625 0 0 0 0 14.59 9.44 100 0
0 0 0.218662 0 0 0 0 0 0 0 0
1 1 0.367545 0 0 0 0 11.06 6.62 100 0
0 0 0.0237319 0 0 0 0 0 0 0 0
0 0 0.13275 0 0 0 0 0 0 0 0
0 0 0.100515 0 0 0 0 0 0 0 0
0 0 0.0564103 0 0 0 0 0 0 0 0
0 0 0.162706 0 0 0 0 0 0 0 0
0 0 0.182176 0 0 0 0 0 0 0 0
0 0 0.113321 0 0 0 0 0 0 0 0
1 0 0.483073 0 0 0 0 7.09 3.76 100 0
0 0 0.17655 0 0 0 0 0 0 0 0
0 0 0.0999108 0 0 0 0 0 0 0 0
0 0 0.133007 0 0 0 0 0 0 0 0
0 0 0.317586 0 0 0 0 0 0 0 0
1 1 0.0834798 0 0 0 0 8.84 5.09 0 0
0 0 0.214206 0 0 0 0 0 0 0 0
0 0 0.242168 0 0 0 0 0 0 0 0
0 0 0.2 0 0 0 0 0 0 0 0
0 0 0.222465 0 0 0 0 0 0 0 0
0 0 0.180049 0 0 0 0 0 0 0 0
0 0 0.178808 0 0 0 0 0 0 0 0
1 0 0.161787 0 0 0 0 15.34 12.41 100 0
0 0 0.0451843 0 0 0 0 0 0 0 0
0 0 0.166259 0 0 0 0 0 0 0 0
0 0 0.17803 0 0 0 0 0 0 0 0
0 0 0.157467 0 0 0 0 0 0 0 0
1 1 0.166435 0 0 0 0 6.84 5.05 100 0
1 0 0.168357 0 0 0 0 6.1 4.44 100 0
0 0 0.205993 0 0 0 0 0 0 0 0
0 0 0.119551 0 0 0 0 0 0 0 0
0 0 0.057412 0 0 0 0 0 0 0 0
0 0 0.241052 0 0 0 0 0 0 0 0
0 0 0.173295 0 0 0 0 0 0 0 0
0 0 0.179021 0 0 0 0 0 0 0 0
0 0 0.18326 0 0 0 0 0 0 0 0
0 0 0.113134 0 0 0 0 0 0 0 0
1 0 0.0956938 0 0 0 0 6.08 4.26 100 0
0 0 0.220745 0 0 0 0 0 0 0 0
0 0 0.172345 0 0 0 0 0 0 0 0
1 0 0.311111 0 0 0 0 6.55 5.04 100 0
0 0 0.17094 0 0 0 0 0 0 0 0
0 0 0.187876 0 0 0 0 0 0 0 0
0 0 0.0982254 0 0 0 0 0 0 0 0
0 0 0.107791 0 0 0 0 0 0 0 0
0 0 0.21656 0 0 0 0 0 0 0 0
0 0 0.212835 0 0 0 0 0 0 0 0
0 0 0.126271 0 0 0 0 0 0 0 0
0 0 0.131646 0 0 0 0 0 0 0 0
1 0 0.188988 0 0 0 0 9.21 5.24 100 0
0 0 0.143336 0 0 0 0 0 0 0 0
0 0 0.122642 0 0 0 0 0 0 0 0
0 0 0.148691 0 0 0 0 0 0 0 0
0 0 0.138743 0 0 0 0 0 0 0 0
0 0 0.125448 0 0 0 0 0 0 0 0
0 0 0.200361 0 0 0 0 0 0 0 0
0 0 0.228966 0 0 0 0 0 0 0 0
0 0 0.178309 0 0 0 0 0 0 0 0
0 0 0.228261 0 0 0 0 0 0 0 0
0 0 0.197943 0 0 0 0 0 0 0 0
0 0 0.197183 0 0 0 0 0 0 0 0
0 0 0.119314 0 0 0 0 0 0 0 0
0 0 0.251567 0 0 0 0 0 0 0 0
0 0 0.227421 0 0 0 0 0 0 0 0
0 0 0.239686 0 0 0 0 0 0 0 0
0 0 0.206612 0 0 0 0 0 0 0 0
0 0 0.22314 0 0 0 0 0 0 0 0
0 0 0.240066 0 0 0 0 0 0 0 0
0 0 0.25223 0 0 0 0 0 0 0 0
0 0 0.210172 0 0 0 0 0 0 0 0
0 0 0.210947 0 0 0 0 0 0 0 0
0 0 0.22669 0 0 0 0 0 0 0 0
0 0 0.211634 0 0 0 0 0 0 0 0
0 0 0.206266 0 0 0 0 0 0 0 0
0 0 0.248889 0 0 0 0 0 0 0 0
0 0 0.303881 0 0 0 0 0 0 0 0
0 0 0.231774 0 0 0 0 0 0 0 0
0 0 0.205479 0 0 0 0 0 0 0 0
0 0 0.122642 0 0 0 0 0 0 0 0
0 0 0.148691 0 0 0 0 0 0 0 0
0 0 0.138743 0 0 0 0 0 0 0 0
0 0 0.125448 0 0 0 0 0 0 0 0
0 0 0.200361 0 0 0 0 0 0 0 0
0 0 0.228966 0 0 0 0 0 0 0 0
0 0 0.178309 0 0 0 0 0 0 0 0
0 0 0.228261 0 0 0 0 0 0 0 0
0 0 0.197943 0 0 0 0 0 0 0 0
0 0 0.197183 0 0 0 0 0 0 0 0
0 0 0.119314 0 0 0 0 0 0 0 0
0 0 0.206266 0 0 0 0 0 0 0 0
0 0 0.122642 0 0 0 0 0 0 0 0
0 0 0.148691 0 0 0 0 0 0 0 0
0 0 0.138743 0 0 0 0 0 0 0 0
0 0 0.125448 0 0 0 0 0 0 0 0
0 0 0.200361 0 0 0 0 0 0 0 0
0 0 0.228966 0 0 0 0 0 0 0 0
0 0 0.178309 0 0 0 0 0 0 0 0
0 0 0.228261 0 0 0 0 0 0 0 0
0 0 0.197943 0 0 0 0 0 0 0 0
0 0 0.197183 0 0 0 0 0 0 0 0
0 0 0.118915 0 0 0 0 0 0 0 0
0 0 0.206266 0 0 0 0 0 0 0 0
0 0 0.122642 0 0 0 0 0 0 0 0
0 0 0.148691 0 0 0 0 0 0 0 0
0 0 0.138743 0 0 0 0 0 0 0 0
0 0 0.125448 0 0 0 0 0 0 0 0
0 0 0.200361 0 0 0 0 0 0 0 0
0 0 0.228966 0 0 0 0 0 0 0 0
0 0 0.178309 0 0 0 0 0 0 0 0
0 0 0.228261 0 0 0 0 0 0 0 0
0 0 0.197943 0 0 0 0 0 0 0 0
0 0 0.197183 0 0 0 0 0 0 0 0
0 0 0.118915 0 0 0 0 0 0 0 0
0 0 0.316006 0 0 0 0 0 0 0 0
0 0 0.306494 0 0 0 0 0 0 0 0
0 0 0.253697 0 0 0 0 0 0 0 0
0 0 0.26124 0 0 0 0 0 0 0 0
0 0 0.216135 0 0 0 0 0 0 0 0
0 0 0.212665 0 0 0 0 0 0 0 0
0 0 0.19242 0 0 0 0 0 0 0 0
0 0 0.188366 0 0 0 0 0 0 0 0
0 0 0.242625 0 0 0 0 0 0 0 0
0 0 0.223087 0 0 0 0 0 0 0 0
0 0 0.206266 0 0 0 0 0 0 0 0
0 0 0.122642 0 0 0 0 0 0 0 0
0 0 0.148691 0 0 0 0 0 0 0 0
0 0 0.138743 0 0 0 0 0 0 0 0
0 0 0.125448 0 0 0 0 0 0 0 0
0 0 0.200361 0 0 0 0 0 0 0 0
0 0 0.228966 0 0 0 0 0 0 0 0
0 0 0.0625 0 0 0 0 0 0 0 0
0 0 0.228261 0 0 0 0 0 0 0 0
0 0 0.197943 0 0 0 0 0 0 0 0
0 0 0.197183 0 0 0 0 0 0 0 0
0 0 0.119314 0 0 0 0 0 0 0 0
0 0 0.206266 0 0 0 0 0 0 0 0
0 0 0.219856 0 0 0 0 0 0 0 0
0 0 0.21668 0 0 0 0 0 0 0 0
1 1 0.22973 0 0 0 0 15.25 9.81 100 0
1 1 0.243928 0 0 0 0 14.56 9.04 93.33 0
0 0 0.107623 0 0 0 0 0 0 0 0
0 0 0.103641 0 0 0 0 0 0 0 0
0 0 0.0944445 0 0 0 0 0 0 0 0
0 0 0.206774 0 0 0 0 0 0 0 0
0 0 0.212252 0 0 0 0 0 0 0 0
0 0 0.064257 0 0 0 0 0 0 0 0
1 0 0.183986 0 0 0 0 14.71 9.26 100 0
0 0 0.0552326 0 0 0 0 0 0 0 0
0 0 0.171429 0 0 0 0 0 0 0 0
1 1 0.141104 0 0 0 0 15 9.72 100 0
1 0 0.18196 0 0 0 0 15.21 9.98 100 0
0 0 0.170498 0 0 0 0 0 0 0 0
1 0 0.200758 0 0 0 0 14.85 9.18 100 0
1 0 0.163097 0 0 0 0 14.75 9.25 100 0
0 0 0.0513145 0 0 0 0 0 0 0 0
1 0 0.22541 0 0 0 0 14.41 9.49 100 0
0 0 0.238477 0 0 0 0 0 0 0 0
0 0 0.127416 0 0 0 0 0 0 0 0
0 0 0.145406 0 0 0 0 0 0 0 0
0 0 0.135593 0 0 0 0 0 0 0 0
0 0 0.0852491 0 0 0 0 0 0 0 0
0 0 0.220459 0 0 0 0 0 0 0 0
0 0 0.224956 0 0 0 0 0 0 0 0
0 0 0.172414 0 0 0 0 0 0 0 0
0 0 0.0852491 0 0 0 0 0 0 0 0
0 0 0.220459 0 0 0 0 0 0 0 0
0 0 0.224956 0 0 0 0 0 0 0 0
0 0 0.172414 0 0 0 0 0 0 0 0
0 0 0.0852491 0 0 0 0 0 0 0 0
0 0 0.220459 0 0 0 0 0 0 0 0
0 0 0.224956 0 0 0 0 0 0 0 0
0 0 0.172414 0 0 0 0 0 0 0 0
0 0 0.264925 0 0 0 0 0 0 0 0
0 0 0.243281 0 0 0 0 0 0 0 0
0 0 0.243626 0 0 0 0 0 0 0 0
0 0 0.150654 0 0 0 0 0 0 0 0
0 0 0.0561377 0 0 0 0 0 0 0 0
0 0 0.159617 0 0 0 0 0 0 0 0
0 0 0.255319 0 0 0 0 0 0 0 0
0 0 0.241565 0 0 0 0 0 0 0 0
0 0 0.147444 0 0 0 0 0 0 0 0
0 0 0.149283 0 0 0 0 0 0 0 0
0 0 0.195241 0 0 0 0 0 0 0 0
0 0 0.197192 0 0 0 0 0 0 0 0
0 0 0.204327 0 0 0 0 0 0 0 0
0 0 0.173418 0 0 0 0 0 0 0 0
0 0 0.151226 0 0 0 0 0 0 0 0
0 0 0.119241 0 0 0 0 0 0 0 0
0 0 0.0877743 0 0 0 0 0 0 0 0
0 0 0.257019 0 0 0 0 0 0 0 0
0 0 0.189041 0 0 0 0 0 0 0 0
0 0 0.138085 0 0 0 0 0 0 0 0
0 0 0.141593 0 0 0 0 0 0 0 0
0 0 0.114667 0 0 0 0 0 0 0 0
0 0 0.183583 0 0 0 0 0 0 0 0
0 0 0.136846 0 0 0 0 0 0 0 0
0 0 0.0723929 0 0 0 0 0 0 0 0
0 0 0.167901 0 0 0 0 0 0 0 0
0 0 0.113065 0 0 0 0 0 0 0 0
0 0 0.103976 0 0 0 0 0 0 0 0
0 0 0.125307 0 0 0 0 0 0 0 0
0 0 0.140762 0 0 0 0 0 0 0 0
0 0 0.130564 0 0 0 0 0 0 0 0
0 0 0.316547 0 0 0 0 0 0 0 0
0 0 0.347095 0 0 0 0 0 0 0 0
0 0 0.122939 0 0 0 0 0 0 0 0
0 0 0.141956 0 0 0 0 0 0 0 0
0 0 0.17207 0 0 0 0 0 0 0 0
0 0 0.168357 0 0 0 0 0 0 0 0
0 0 0.206946 0 0 0 0 0 0 0 0
0 0 0.0830806 0 0 0 0 0 0 0 0
0 0 0.137031 0 0 0 0 0 0 0 0
0 0 0.122939 0 0 0 0 0 0 0 0
0 0 0.141956 0 0 0 0 0 0 0 0
0 0 0.17207 0 0 0 0 0 0 0 0
0 0 0.168357 0 0 0 0 0 0 0 0
0 0 0.206946 0 0 0 0 0 0 0 0
0 0 0.0830806 0 0 0 0 0 0 0 0
0 0 0.13615 0 0 0 0 0 0 0 0
1 1 0.252273 0 0 0 0 14.98 9.87 83.33 0
1 0 0.208845 0 0 0 0 14.58 9.18 83.33 0
0 0 0.181416 0 0 0 0 0 0 0 0
0 0 0.0976155 0 0 0 0 0 0 0 0
0 0 0.129347 0 0 0 0 0 0 0 0
0 0 0.196273 0 0 0 0 0 0 0 0
1 1 0.199732 0 0 0 0 9.47 5.09 50 0
0 0 0.0931803 0 0 0 0 0 0 0 0
0 0 0.127319 0 0 0 0 0 0 0 0
0 0 0.196013 0 0 0 0 0 0 0 0
1 1 0.199732 0 0 0 0 8.38 4.52 50 0
0 0 0.0286416 0 0 0 0 0 0 0 0
0 0 0.0749571 0 0 0 0 0 0 0 0
0 0 0.10011 0 0 0 0 0 0 0 0
0 0 0.137931 0 0 0 0 0 0 0 0
0 0 0.135198 0 0 0 0 0 0 0 0
0 0 0.0470914 0 0 0 0 0 0 0 0
0 0 0.064307 0 0 0 0 0 0 0 0
0 0 0.0803191 0 0 0 0 0 0 0 0
0 0 0.184211 0 0 0 0 0 0 0 0
0 0 0.0754858 0 0 0 0 0 0 0 0
0 0 0.0627192 0 0 0 0 0 0 0 0
0 0 0.123164 0 0 0 0 0 0 0 0
0 0 0.0631459 0 0 0 0 0 0 0 0
0 0 0.249167 0 0 0 0 0 0 0 0
0 0 0.278658 0 0 0 0 0 0 0 0
1 0 0.253799 0 0 0 0 15.41 9.81 100 0
0 0 0.225898 0 0 0 0 0 0 0 0
0 0 0.23414 0 0 0 0 0 0 0 0
0 0 0.17849 0 0 0 0 0 0 0 0
0 0 0.258848 0 0 0 0 0 0 0 0
0 0 0.0289615 0 0 0 0 0 0 0 0
0 0 0.0885269 0 0 0 0 0 0 0 0
0 0 0.0883392 0 0 0 0 0 0 0 0
0 0 0.158769 0 0 0 0 0 0 0 0
0 0 0.0376278 0 0 0 0 0 0 0 0
0 0 0.137527 0 0 0 0 0 0 0 0
0 0 0.0609098 0 0 0 0 0 0 0 0
0 0 0.161641 0 0 0 0 0 0 0 0
0 0 0.206745 0 0 0 0 0 0 0 0
0 0 0.0290505 0 0 0 0 0 0 0 0
0 0 0.0667927 0 0 0 0 0 0 0 0
0 0 0.13312 0 0 0 0 0 0 0 0
0 0 0.215892 0 0 0 0 0 0 0 0
0 0 0.165544 0 0 0 0 0 0 0 0
0 0 0.134831 0 0 0 0 0 0 0 0
0 0 0.112299 0 0 0 0 0 0 0 0
0 0 0.219271 0 0 0 0 0 0 0 0
0 0 0.236551 0 0 0 0 0 0 0 0
0 0 0.0834962 0 0 0 0 0 0 0 0
0 0 0.209832 0 0 0 0 0 0 0 0
0 0 0.211912 0 0 0 0 0 0 0 0
0 0 0.154671 0 0 0 0 0 0 0 0
0 0 0.202082 0 0 0 0 0 0 0 0
0 0 0.136731 0 0 0 0 0 0 0 0
0 0 0.198142 0 0 0 0 0 0 0 0
0 0 0.248889 0 0 0 0 0 0 0 0
0 0 0.179907 0 0 0 0 0 0 0 0
0 0 0.249471 0 0 0 0 0 0 0 0
0 0 0.261641 0 0 0 0 0 0 0 0
0 0 0.250255 0 0 0 0 0 0 0 0
0 0 0.156295 0 0 0 0 0 0 0 0
0 0 0.209884 0 0 0 0 0 0 0 0
0 0 0.213092 0 0 0 0 0 0 0 0
0 0 0.255081 0 0 0 0 0 0 0 0
0 0 0.270142 0 0 0 0 0 0 0 0
0 0 0.103286 0 0 0 0 0 0 0 0
0 0 0.14795 0 0 0 0 0 0 0 0
0 0 0.0790191 0 0 0 0 0 0 0 0
0 0 0.195377 0 0 0 0 0 0 0 0
0 0 0.180791 0 0 0 0 0 0 0 0
0 0 0.163218 0 0 0 0 0 0 0 0
0 0 0.214444 0 0 0 0 0 0 0 0
0 0 0.146453 0 0 0 0 0 0 0 0
0 0 0.086514 0 0 0 0 0 0 0 0
0 0 0.192967 0 0 0 0 0 0 0 0
0 0 0.146453 0 0 0 0 0 0 0 0
0 0 0.062138 0 0 0 0 0 0 0 0
0 0 0.145742 0 0 0 0 0 0 0 0
0 0 0.256579 0 0 0 0 0 0 0 0
0 0 0.186632 0 0 0 0 0 0 0 0
0 0 0.169419 0 0 0 0 0 0 0 0
0 0 0.160494 0 0 0 0 0 0 0 0
0 0 0.491837 0 0 0 0 0 0 0 0
0 0 0.276506 0 0 0 0 0 0 0 0
0 0 0.1919 0 0 0 0 0 0 0 0
0 0 0.173961 0 0 0 0 0 0 0 0
0 0 0.181525 0 0 0 0 0 0 0 0
0 0 0.226496 0 0 0 0 0 0 0 0
0 0 0.0694849 0 0 0 0 0 0 0 0
0 0 0.20298 0 0 0 0 0 0 0 0
0 0 0.229857 0 0 0 0 0 0 0 0
0 0 0.219774 0 0 0 0 0 0 0 0
0 0 0.203327 0 0 0 0 0 0 0 0
0 0 0.226496 0 0 0 0 0 0 0 0
0 0 0.0714286 0 0 0 0 0 0 0 0
0 0 0.20298 0 0 0 0 0 0 0 0
0 0 0.231018 0 0 0 0 0 0 0 0
0 0 0.219774 0 0 0 0 0 0 0 0
0 0 0.203327 0 0 0 0 0 0 0 0
0 0 0.304617 0 0 0 0 0 0 0 0
1 0 0.226496 0 0 0 0 7.12 4.36 100 0
0 0 0.0704567 0 0 0 0 0 0 0 0
0 0 0.20298 0 0 0 0 0 0 0 0
0 0 0.230206 0 0 0 0 0 0 0 0
0 0 0.219774 0 0 0 0 0 0 0 0
0 0 0.203327 0 0 0 0 0 0 0 0
0 0 0.271811 0 0 0 0 0 0 0 0
0 0 0.233333 0 0 0 0 0 0 0 0
0 0 0.0800871 0 0 0 0 0 0 0 0
0 0 0.106986 0 0 0 0 0 0 0 0
0 0 0.0581818 0 0 0 0 0 0 0 0
0 0 0.133275 0 0 0 0 0 0 0 0
0 0 0.191162 0 0 0 0 0 0 0 0
1 0 0.215116 0 0 0 0 14.87 9.5 100 0
1 0 0.181818 0 0 0 0 14.87 9.35 100 0
0 0 0.159134 0 0 0 0 0 0 0 0
1 0 0.298225 0 0 0 0 15.96 10.72 100 0
1 0 0.198077 0 0 0 0 15.07 10.24 100 0
0 0 0 0 0 0 0 0 0 0 0
1 1 0.185111 0 0 0 0 15.14 9.91 100 0
1 0 0.158664 0 0 0 0 14.87 9.59 100 0
0 0 0.196854 0 0 0 0 0 0 0 0
0 0 0.184422 0 0 0 0 0 0 0 0
0 0 0.21102 0 0 0 0 0 0 0 0
0 0 0.237952 0 0 0 0 0 0 0 0
0 0 0.109649 0 0 0 0 0 0 0 0
0 0 0.263751 0 0 0 0 0 0 0 0
0 0 0.192276 0 0 0 0 0 0 0 0
0 0 0.207902 0 0 0 0 0 0 0 0
0 0 0.257978 0 0 0 0 0 0 0 0
0 0 0.109752 0 0 0 0 0 0 0 0
0 0 0.0995655 0 0 0 0 0 0 0 0
0 0 0.139535 0 0 0 0 0 0 0 0
0 0 0.354744 0 0 0 0 0 0 0 0
0 0 0.142779 0 0 0 0 0 0 0 0
0 0 0.307494 0 0 0 0 0 0 0 0
0 0 0.188912 0 0 0 0 0 0 0 0
0 0 0.198686 0 0 0 0 0 0 0 0
0 0 0.244565 0 0 0 0 0 0 0 0
0 0 0.114413 0 0 0 0 0 0 0 0
0 0 0.25443 0 0 0 0 0 0 0 0
0 0 0.19381 0 0 0 0 0 0 0 0
0 0 0.108182 0 0 0 0 0 0 0 0
0 0 0.0501475 0 0 0 0 0 0 0 0
0 0 0.23716 0 0 0 0 0 0 0 0
0 0 0.161954 0 0 0 0 0 0 0 0
0 0 0.245405 0 0 0 0 0 0 0 0
0 0 0.161954 0 0 0 0 0 0 0 0
0 0 0.245405 0 0 0 0 0 0 0 0
0 0 0.0335582 0 0 0 0 0 0 0 0
1 0 0.202114 0 0 0 0 8.16 4.69 100 0
0 0 0.227086 0 0 0 0 0 0 0 0
0 0 0.200988 0 0 0 0 0 0 0 0
0 0 0.147009 0 0 0 0 0 0 0 0
0 0 0.205896 0 0 0 0 0 0 0 0
0 0 0.104348 0 0 0 0 0 0 0 0
0 0 0.154146 0 0 0 0 0 0 0 0
0 0 0.418941 0 0 0 0 0 0 0 0
0 0 0.499072 0 0 0 0 0 0 0 0
0 0 0.200243 0 0 0 0 0 0 0 0
0 0 0.330769 0 0 0 0 0 0 0 0
0 0 0.441381 0 0 0 0 0 0 0 0
0 0 0.215702 0 0 0 0 0 0 0 0
0 0 0.167939 0 0 0 0 0 0 0 0
0 0 0.166273 0 0 0 0 0 0 0 0
0 0 0.170854 0 0 0 0 0 0 0 0
0 0 0.140777 0 0 0 0 0 0 0 0
0 0 0.173585 0 0 0 0 0 0 0 0
0 0 0.189931 0 0 0 0 0 0 0 0
0 0 0.199085 0 0 0 0 0 0 0 0
0 0 0.139442 0 0 0 0 0 0 0 0
0 0 0.191419 0 0 0 0 0 0 0 0
0 0 0.164207 0 0 0 0 0 0 0 0
1 0 0.151807 0 0 0 0 9.5 5.43 100 0
1 1 0.156863 0 0 0 0 9.86 5.89 100 0
0 0 0.227392 0 0 0 0 0 0 0 0
0 0 0.0983255 0 0 0 0 0 0 0 0
0 0 0.0958346 0 0 0 0 0 0 0 0
0 0 0.140777 0 0 0 0 0 0 0 0
0 0 0.14011 0 0 0 0 0 0 0 0
1 1 0.0875 0 0 0 0 14.66 9.47 100 0
1 1 0.136232 0 0 0 0 17.97 12.12 100 0
1 1 0.103976 0 0 0 0 14.66 9.47 100 0
1 1 0.0875 0 0 0 0 14.66 9.47 100 0
1 1 0.136232 0 0 0 0 17.97 12.12 100 0
1 1 0.0815047 0 0 0 0 14.67 9.47 100 0
0 0 0.0924855 0 0 0 0 0 0 0 0
0 0 0.217672 0 0 0 0 0 0 0 0
1 0 0.274194 0 0 0 0 13.89 9.14 100 0
1 1 0.19697 0 0 0 0 17.01 11.26 100 0
0 0 0.328009 0 0 0 0 0 0 0 0
0 0 0.197154 0 0 0 0 0 0 0 0
0 0 0.216797 0 0 0 0 0 0 0 0
0 0 0.202739 0 0 0 0 0 0 0 0
0 0 0.19526 0 0 0 0 0 0 0 0
0 0 0.193085 0 0 0 0 0 0 0 0
0 0 0.188869 0 0 0 0 0 0 0 0
0 0 0.2 0 0 0 0 0 0 0 0
0 0 0.200303 0 0 0 0 0 0 0 0
0 0 0.200603 0 0 0 0 0 0 0 0
0 0 0.232558 0 0 0 0 0 0 0 0
0 0 0.230366 0 0 0 0 0 0 0 0
0 0 0.225439 0 0 0 0 0 0 0 0
0 0 0.229645 0 0 0 0 0 0 0 0
0 0 0.225235 0 0 0 0 0 0 0 0
0 0 0.229958 0 0 0 0 0 0 0 0
0 0 0.228033 0 0 0 0 0 0 0 0
0 0 0.190855 0 0 0 0 0 0 0 0
0 0 0.189072 0 0 0 0 0 0 0 0
0 0 0.164089 0 0 0 0 0 0 0 0
0 0 0.167939 0 0 0 0 0 0 0 0
0 0 0.196772 0 0 0 0 0 0 0 0
0 0 0.239422 0 0 0 0 0 0 0 0
0 0 0.227874 0 0 0 0 0 0 0 0
0 0 0.236923 0 0 0 0 0 0 0 0
0 0 0.22158 0 0 0 0 0 0 0 0
0 0 0.213075 0 0 0 0 0 0 0 0
0 0 0.125617 0 0 0 0 0 0 0 0
0 0 0.203052 0 0 0 0 0 0 0 0
0 0 0.201538 0 0 0 0 0 0 0 0
0 0 0.266885 0 0 0 0 0 0 0 0
0 0 0.162413 0 0 0 0 0 0 0 0
0 0 0.148179 0 0 0 0 0 0 0 0
0 0 0.241758 0 0 0 0 0 0 0 0
0 0 0.15942 0 0 0 0 0 0 0 0
0 0 0.133916 0 0 0 0 0 0 0 0
0 0 0.238592 0 0 0 0 0 0 0 0
0 0 0.148201 0 0 0 0 0 0 0 0
0 0 0.212911 0 0 0 0 0 0 0 0
0 0 0.173554 0 0 0 0 0 0 0 0
0 0 0.204325 0 0 0 0 0 0 0 0
0 0 0.210432 0 0 0 0 0 0 0 0
0 0 0.176289 0 0 0 0 0 0 0 0
0 0 0.115744 0 0 0 0 0 0 0 0
0 0 0.254871 0 0 0 0 0 0 0 0
0 0 0.134287 0 0 0 0 0 0 0 0
0 0 0.204772 0 0 0 0 0 0 0 0
0 0 0.209081 0 0 0 0 0 0 0 0
0 0 0.17486 0 0 0 0 0 0 0 0
0 0 0.174447 0 0 0 0 0 0 0 0
0 0 0.217137 0 0 0 0 0 0 0 0
0 0 0.174532 0 0 0 0 0 0 0 0
0 0 0.188747 0 0 0 0 0 0 0 0
0 0 0.172929 0 0 0 0 0 0 0 0
0 0 0.180175 0 0 0 0 0 0 0 0
0 0 0.29197 0 0 0 0 0 0 0 0
0 0 0.192102 0 0 0 0 0 0 0 0
0 0 0.227831 0 0 0 0 0 0 0 0
0 0 0.120394 0 0 0 0 0 0 0 0
0 0 0.154114 0 0 0 0 0 0 0 0
0 0 0.23895 0 0 0 0 0 0 0 0
0 0 0.173966 0 0 0 0 0 0 0 0
0 0 0.146881 0 0 0 0 0 0 0 0
0 0 0.227993 0 0 0 0 0 0 0 0
0 0 0.058024 0 0 0 0 0 0 0 0
1 0 0.178378 0 0 0 0 9.69 5.65 100 0
0 0 0.189454 0 0 0 0 0 0 0 0
1 0 0.17509 0 0 0 0 13.88 8.69 88.89 0
1 0 0.176577 0 0 0 0 9.63 5.61 100 0
1 0 0.162455 0 0 0 0 13.49 8.35 88.89 0
1 1 0.186709 0 0 0 0 12.97 8.08 100 0
0 0 0.164859 0 0 0 0 0 0 0 0
1 0 0.17509 0 0 0 0 13.88 8.69 88.89 0
1 0 0.181953 0 0 0 0 5.04 3.15 100 0
0 0 0.152074 0 0 0 0 0 0 0 0
0 0 0.150628 0 0 0 0 0 0 0 0
0 0 0.183468 0 0 0 0 0 0 0 0
1 0 0.453083 0 0 0 0 0 0 0 0
0 0 0.104895 0 0 0 0 0 0 0 0
0 0 0.139843 0 0 0 0 0 0 0 0
1 0 0.105066 0 0 0 0 13.92 9.05 100 0
1 0 0.450938 0 0 0 0 0 0 0 0
0 0 0.105041 0 0 0 0 0 0 0 0
0 0 0.139522 0 0 0 0 0 0 0 0
1 0 0.105066 0 0 0 0 11.77 7.22 100 0
0 0 0.159563 0 0 0 0 0 0 0 0
1 1 0.103873 0 0 0 0 11.88 7.74 100 0
0 0 0.430254 0 0 0 0 0 0 0 0
0 0 0.312625 0 0 0 0 0 0 0 0
0 0 0.217177 0 0 0 0 0 0 0 0
1 0 0.452011 0 0 0 0 0 0 0 0
0 0 0.104895 0 0 0 0 0 0 0 0
0 0 0.139602 0 0 0 0 0 0 0 0
1 0 0.105066 0 0 0 0 11.77 7.22 100 0
0 0 0.160291 0 0 0 0 0 0 0 0
1 1 0.103873 0 0 0 0 11.88 7.74 100 0
0 0 0.430358 0 0 0 0 0 0 0 0
0 0 0.297893 0 0 0 0 0 0 0 0
0 0 0.217177 0 0 0 0 0 0 0 0
1 0 0.452011 0 0 0 0 0 0 0 0
0 0 0.104895 0 0 0 0 0 0 0 0
0 0 0.139442 0 0 0 0 0 0 0 0
1 0 0.105066 0 0 0 0 11.74 7.19 100 0
0 0 0.160291 0 0 0 0 0 0 0 0
1 1 0.103873 0 0 0 0 11.85 7.71 100 0
0 0 0.430254 0 0 0 0 0 0 0 0
0 0 0.312625 0 0 0 0 0 0 0 0
0 0 0.217177 0 0 0 0 0 0 0 0
0 0 0.243626 0 0 0 0 0 0 0 0
0 0 0.151033 0 0 0 0 0 0 0 0
1 1 0.230245 0 0 0 0 15.59 10.39 100 0
0 0 0.239905 0 0 0 0 0 0 0 0
0 0 0.141677 0 0 0 0 0 0 0 0
1 1 0.158177 0 0 0 0 8.2 5.15 100 0
0 0 0.0707899 0 0 0 0 0 0 0 0
0 0 0.1312 0 0 0 0 0 0 0 0
0 0 0.0835267 0 0 0 0 0 0 0 0
1 1 0.153048 0 0 0 0 13.15 10.53 100 0
0 0 0.152225 0 0 0 0 0 0 0 0
1 0 0.233184 0 0 0 0 0 0 0 0
0 0 0.267548 0 0 0 0 0 0 0 0
0 0 0.267548 0 0 0 0 0 0 0 0
1 0 0.161787 0 0 0 0 15.34 12.5 100 0
0 0 0.0451843 0 0 0 0 0 0 0 0
0 0 0.166259 0 0 0 0 0 0 0 0
0 0 0.17803 0 0 0 0 0 0 0 0
0 0 0.24362 0 0 0 0 0 0 0 0
1 1 0.236549 0 0 0 0 9.03 5.03 26.32 0
0 0 0.201432 0 0 0 0 0 0 0 0
1 1 0.139276 0 0 0 0 15.33 9.81 100 0
1 1 0.125698 0 0 0 0 15.33 9.81 100 0
0 0 0.0991058 0 0 0 0 0 0 0 0
0 0 0.128737 0 0 0 0 0 0 0 0
0 0 0.196687 0 0 0 0 0 0 0 0
1 1 0.199732 0 0 0 0 9.47 5.09 50 0
0 0 0.0931803 0 0 0 0 0 0 0 0
0 0 0.127959 0 0 0 0 0 0 0 0
0 0 0.196013 0 0 0 0 0 0 0 0
1 1 0.199732 0 0 0 0 8.38 4.52 50 0
0 0 0.214525 0 0 0 0 0 0 0 0
1 1 0.177199 0 0 0 0 10.12 5.61 100 0
1 0 0.258949 0 0 0 0 0 0 0 0
0 0 0.167064 0 0 0 0 0 0 0 0
0 0 0.105914 0 0 0 0 0 0 0 0
0 0 0.105317 0 0 0 0 0 0 0 0
0 0 0.149351 0 0 0 0 0 0 0 0
0 0 0.0967742 0 0 0 0 0 0 0 0
0 0 0.138446 0 0 0 0 0 0 0 0
0 0 0.16295 0 0 0 0 0 0 0 0
1 0 0.339066 0 0 0 0 5.39 3.16 100 0
0 0 0.110471 0 0 0 0 0 0 0 0
0 0 0.0995655 0 0 0 0 0 0 0 0
0 0 0.139535 0 0 0 0 0 0 0 0
0 0 0.22965 0 0 0 0 0 0 0 0
0 0 0.335725 0 0 0 0 0 0 0 0
0 0 0.11715 0 0 0 0 0 0 0 0
0 0 0.307494 0 0 0 0 0 0 0 0
0 0 0.207831 0 0 0 0 0 0 0 0
0 0 0.143158 0 0 0 0 0 0 0 0
0 0 0.25 0 0 0 0 0 0 0 0
0 0 0.109774 0 0 0 0 0 0 0 0
0 0 0.231548 0 0 0 0 0 0 0 0
0 0 0.194388 0 0 0 0 0 0 0 0
0 0 0.104338 0 0 0 0 0 0 0 0
0 0 0.0501475 0 0 0 0 0 0 0 0
1 0 0.289934 0 0 0 0 5.39 3.16 100 0
0 0 0.110471 0 0 0 0 0 0 0 0
0 0 0.0992035 0 0 0 0 0 0 0 0
0 0 0.139535 0 0 0 0 0 0 0 0
0 0 0.23016 0 0 0 0 0 0 0 0
0 0 0.335007 0 0 0 0 0 0 0 0
0 0 0.119907 0 0 0 0 0 0 0 0
0 0 0.307494 0 0 0 0 0 0 0 0
0 0 0.207831 0 0 0 0 0 0 0 0
0 0 0.143158 0 0 0 0 0 0 0 0
0 0 0.25 0 0 0 0 0 0 0 0
0 0 0.109774 0 0 0 0 0 0 0 0
0 0 0.231548 0 0 0 0 0 0 0 0
0 0 0.194099 0 0 0 0 0 0 0 0
0 0 0.103789 0 0 0 0 0 0 0 0
0 0 0.0501475 0 0 0 0 0 0 0 0
1 0 0.319149 0 0 0 0 5.4 3.16 100 0
0 0 0.110471 0 0 0 0 0 0 0 0
0 0 0.0988414 0 0 0 0 0 0 0 0
0 0 0.139535 0 0 0 0 0 0 0 0
0 0 0.22965 0 0 0 0 0 0 0 0
0 0 0.335007 0 0 0 0 0 0 0 0
0 0 0.121607 0 0 0 0 0 0 0 0
0 0 0.307494 0 0 0 0 0 0 0 0
0 0 0.207831 0 0 0 0 0 0 0 0
0 0 0.143158 0 0 0 0 0 0 0 0
0 0 0.25 0 0 0 0 0 0 0 0
0 0 0.109774 0 0 0 0 0 0 0 0
0 0 0.231548 0 0 0 0 0 0 0 0
0 0 0.194099 0 0 0 0 0 0 0 0
0 0 0.104338 0 0 0 0 0 0 0 0
0 0 0.0501475 0 0 0 0 0 0 0 0
1 0 0.289934 0 0 0 0 5.39 3.16 100 0
0 0 0.110471 0 0 0 0 0 0 0 0
0 0 0.0988414 0 0 0 0 0 0 0 0
0 0 0.139535 0 0 0 0 0 0 0 0
0 0 0.22998 0 0 0 0 0 0 0 0
0 0 0.335725 0 0 0 0 0 0 0 0
0 0 0.122748 0 0 0 0 0 0 0 0
0 0 0.307494 0 0 0 0 0 0 0 0
0 0 0.207831 0 0 0 0 0 0 0 0
0 0 0.143158 0 0 0 0 0 0 0 0
0 0 0.25 0 0 0 0 0 0 0 0
0 0 0.109774 0 0 0 0 0 0 0 0
0 0 0.231548 0 0 0 0 0 0 0 0
0 0 0.194388 0 0 0 0 0 0 0 0
0 0 0.103789 0 0 0 0 0 0 0 0
0 0 0.0501475 0 0 0 0 0 0 0 0
0 0 0.295664 0 0 0 0 0 0 0 0
0 0 0.295664 0 0 0 0 0 0 0 0
0 0 0.0754143 0 0 0 0 0 0 0 0
0 0 0.255046 0 0 0 0 0 0 0 0
0 0 0.331576 0 0 0 0 0 0 0 0
1 1 0.248494 0 0 0 0 14 9.6 87.88 0
1 1 0.308017 0 0 0 0 12.19 8.13 0 0
1 1 0.251064 0 0 0 0 12.81 7.94 92.31 0
1 1 0.207002 0 0 0 0 12.72 7.81 100 0
0 0 0.183983 0 0 0 0 0 0 0 0
1 1 0.283476 0 0 0 0 12.29 7.59 41.67 0
1 1 0.399721 0 0 0 0 11.68 7.48 100 0
0 0 0.245975 0 0 0 0 0 0 0 0
0 0 0.241678 0 0 0 0 0 0 0 0
0 0 0.266335 0 0 0 0 0 0 0 0
0 0 0.300261 0 0 0 0 0 0 0 0
0 0 0.228223 0 0 0 0 0 0 0 0
0 0 0.191874 0 0 0 0 0 0 0 0
0 0 0.193694 0 0 0 0 0 0 0 0
0 0 0.23042 0 0 0 0 0 0 0 0
0 0 0.179056 0 0 0 0 0 0 0 0
0 0 0.12331 0 0 0 0 0 0 0 0
0 0 0.151188 0 0 0 0 0 0 0 0
0 0 0.269231 0 0 0 0 0 0 0 0
0 0 0.15236 0 0 0 0 0 0 0 0
0 0 0.29125 0 0 0 0 0 0 0 0
0 0 0.286585 0 0 0 0 0 0 0 0
0 0 0.137931 0 0 0 0 0 0 0 0
0 0 0.192675 0 0 0 0 0 0 0 0
1 1 0.281203 0 0 0 0 17.09 11.2 66.67 0
0 0 0.235192 0 0 0 0 0 0 0 0
0 0 0.201521 0 0 0 0 0 0 0 0
0 0 0.255046 0 0 0 0 0 0 0 0
0 0 0.326462 0 0 0 0 0 0 0 0
1 1 0.248494 0 0 0 0 15.68 10.88 87.88 0
1 1 0.308017 0 0 0 0 14.06 9.55 0 0
1 1 0.25142 0 0 0 0 14.77 9.34 92.31 0
1 1 0.207002 0 0 0 0 14.68 9.19 100 0
0 0 0.183983 0 0 0 0 0 0 0 0
1 1 0.283476 0 0 0 0 14.18 8.94 41.67 0
1 1 0.399721 0 0 0 0 13.48 8.79 100 0
1 1 0.100629 0 0 0 0 14.66 9.47 100 0
1 1 0.100629 0 0 0 0 14.66 9.47 0 0
0 0 0.130814 0 0 0 0 0 0 0 0
0 0 0.0988637 0 0 0 0 0 0 0 0
0 0 0.166667 0 0 0 0 0 0 0 0
0 0 0.160714 0 0 0 0 0 0 0 0
0 0 0.135135 0 0 0 0 0 0 0 0
0 0 0.236453 0 0 0 0 0 0 0 0
0 0 0.119503 0 0 0 0 0 0 0 0
0 0 0.293221 0 0 0 0 0 0 0 0
0 0 0.188095 0 0 0 0 0 0 0 0
0 0 0.217061 0 0 0 0 0 0 0 0
1 1 0.248428 0 0 0 0 7.51 5.25 82.35 0
0 0 0.0948478 0 0 0 0 0 0 0 0
0 0 0.284109 0 0 0 0 0 0 0 0
0 0 0.255639 0 0 0 0 0 0 0 0
0 0 0.27592 0 0 0 0 0 0 0 0
0 0 0.234014 0 0 0 0 0 0 0 0
0 0 0.224958 0 0 0 0 0 0 0 0
0 0 0.191806 0 0 0 0 0 0 0 0
0 0 0.208711 0 0 0 0 0 0 0 0
0 0 0.20765 0 0 0 0 0 0 0 0
0 0 0.194444 0 0 0 0 0 0 0 0
0 0 0.184211 0 0 0 0 0 0 0 0
0 0 0.197417 0 0 0 0 0 0 0 0
0 0 0.21223 0 0 0 0 0 0 0 0
0 0 0.211191 0 0 0 0 0 0 0 0
0 0 0.19633 0 0 0 0 0 0 0 0
0 0 0.189944 0 0 0 0 0 0 0 0
0 0 0.191275 0 0 0 0 0 0 0 0
0 0 0.230769 0 0 0 0 0 0 0 0
0 0 0.239171 0 0 0 0 0 0 0 0
0 0 0.193078 0 0 0 0 0 0 0 0
0 0 0.229008 0 0 0 0 0 0 0 0
0 0 0.191606 0 0 0 0 0 0 0 0
0 0 0.226054 0 0 0 0 0 0 0 0
0 0 0.185662 0 0 0 0 0 0 0 0
0 0 0.160232 0 0 0 0 0 0 0 0
0 0 0.180451 0 0 0 0 0 0 0 0
0 0 0.189911 0 0 0 0 0 0 0 0
0 0 0.164179 0 0 0 0 0 0 0 0
0 0 0.17234 0 0 0 0 0 0 0 0
0 0 0.161702 0 0 0 0 0 0 0 0
0 0 0.188082 0 0 0 0 0 0 0 0
0 0 0.234685 0 0 0 0 0 0 0 0
0 0 0.241379 0 0 0 0 0 0 0 0
0 0 0.242733 0 0 0 0 0 0 0 0
1 0 0.217755 0 0 0 0 12.61 8.88 100 0
1 1 0.12311 0 0 0 0 11.91 7.56 100 0
0 0 0.216509 0 0 0 0 0 0 0 0
1 1 0.0470706 0 0 0 0 11.95 7.53 80 0
0 0 0.144361 0 0 0 0 0 0 0 0
0 0 0.0746347 0 0 0 0 0 0 0 0
1 1 0.203917 0 0 0 0 13.2 9.71 100 0
0 0 0.0623035 0 0 0 0 0 0 0 0
0 0 0.148508 0 0 0 0 0 0 0 0
0 0 0.197499 0 0 0 0 0 0 0 0
0 0 0.189227 0 0 0 0 0 0 0 0
0 0 0.249252 0 0 0 0 0 0 0 0
0 0 0.262747 0 0 0 0 0 0 0 0
0 0 0.269506 0 0 0 0 0 0 0 0
0 0 0.275891 0 0 0 0 0 0 0 0
0 0 0.226903 0 0 0 0 0 0 0 0
0 0 0.227306 0 0 0 0 0 0 0 0
0 0 0.235632 0 0 0 0 0 0 0 0
0 0 0.222339 0 0 0 0 0 0 0 0
0 0 0.0523367 0 0 0 0 0 0 0 0
0 0 0.0857405 0 0 0 0 0 0 0 0
1 1 0.225962 0 0 0 0 11.1 6.96 70 0
0 0 0.0523367 0 0 0 0 0 0 0 0
0 0 0.0855112 0 0 0 0 0 0 0 0
1 0 0.225962 0 0 0 0 14.72 8.62 70 0
0 0 0.189227 0 0 0 0 0 0 0 0
0 0 0.249252 0 0 0 0 0 0 0 0
0 0 0.262747 0 0 0 0 0 0 0 0
0 0 0.268403 0 0 0 0 0 0 0 0
0 0 0.277181 0 0 0 0 0 0 0 0
0 0 0.226903 0 0 0 0 0 0 0 0
0 0 0.227306 0 0 0 0 0 0 0 0
0 0 0.244552 0 0 0 0 0 0 0 0
0 0 0.222339 0 0 0 0 0 0 0 0
0 0 0.0523367 0 0 0 0 0 0 0 0
0 0 0.0855112 0 0 0 0 0 0 0 0
1 1 0.225962 0 0 0 0 11.1 6.96 70 0
0 0 0.151188 0 0 0 0 0 0 0 0
0 0 0.189227 0 0 0 0 0 0 0 0
0 0 0.249252 0 0 0 0 0 0 0 0
0 0 0.262747 0 0 0 0 0 0 0 0
0 0 0.274021 0 0 0 0 0 0 0 0
0 0 0.275728 0 0 0 0 0 0 0 0
0 0 0.226903 0 0 0 0 0 0 0 0
0 0 0.227306 0 0 0 0 0 0 0 0
0 0 0.244552 0 0 0 0 0 0 0 0
0 0 0.222339 0 0 0 0 0 0 0 0
0 0 0.0523367 0 0 0 0 0 0 0 0
0 0 0.0859697 0 0 0 0 0 0 0 0
1 1 0.225962 0 0 0 0 11.06 6.93 70 0
0 0 0.189227 0 0 0 0 0 0 0 0
0 0 0.249252 0 0 0 0 0 0 0 0
0 0 0.262747 0 0 0 0 0 0 0 0
0 0 0.268403 0 0 0 0 0 0 0 0
0 0 0.277181 0 0 0 0 0 0 0 0
0 0 0.226903 0 0 0 0 0 0 0 0
0 0 0.227306 0 0 0 0 0 0 0 0
0 0 0.235632 0 0 0 0 0 0 0 0
0 0 0.222339 0 0 0 0 0 0 0 0
0 0 0.0523367 0 0 0 0 0 0 0 0
0 0 0.0855112 0 0 0 0 0 0 0 0
1 1 0.225962 0 0 0 0 11.1 6.96 70 0
0 0 0.248231 0 0 0 0 0 0 0 0
0 0 0.0237041 0 0 0 0 0 0 0 0
0 0 0.236287 0 0 0 0 0 0 0 0
0 0 0.256622 0 0 0 0 0 0 0 0
0 0 0.23913 0 0 0 0 0 0 0 0
0 0 0.281308 0 0 0 0 0 0 0 0
0 0 0.187932 0 0 0 0 0 0 0 0
0 0 0.165333 0 0 0 0 0 0 0 0
0 0 0.202434 0 0 0 0 0 0 0 0
0 0 0.251577 0 0 0 0 0 0 0 0
0 0 0.221519 0 0 0 0 0 0 0 0
0 0 0.273671 0 0 0 0 0 0 0 0
0 0 0.382353 0 0 0 0 0 0 0 0
0 0 0.312742 0 0 0 0 0 0 0 0
0 0 0.29417 0 0 0 0 0 0 0 0
0 0 0.303946 0 0 0 0 0 0 0 0
0 0 0.331763 0 0 0 0 0 0 0 0
0 0 0.32931 0 0 0 0 0 0 0 0
0 0 0.329485 0 0 0 0 0 0 0 0
0 0 0.348552 0 0 0 0 0 0 0 0
0 0 0.337669 0 0 0 0 0 0 0 0
0 0 0.332869 0 0 0 0 0 0 0 0
0 0 0.291606 0 0 0 0 0 0 0 0
0 0 0.317184 0 0 0 0 0 0 0 0
1 0 0.126126 0 0 0 0 3.94 2.05 100 0
0 0 0.093611 0 0 0 0 0 0 0 0
0 0 0.23947 0 0 0 0 0 0 0 0
0 0 0.281044 0 0 0 0 0 0 0 0
0 0 0.180765 0 0 0 0 0 0 0 0
0 0 0.165333 0 0 0 0 0 0 0 0
0 0 0.202987 0 0 0 0 0 0 0 0
0 0 0.252366 0 0 0 0 0 0 0 0
0 0 0.220728 0 0 0 0 0 0 0 0
0 0 0.273671 0 0 0 0 0 0 0 0
0 0 0.381653 0 0 0 0 0 0 0 0
0 0 0.311773 0 0 0 0 0 0 0 0
0 0 0.293581 0 0 0 0 0 0 0 0
0 0 0.303946 0 0 0 0 0 0 0 0
0 0 0.331763 0 0 0 0 0 0 0 0
0 0 0.32931 0 0 0 0 0 0 0 0
0 0 0.329716 0 0 0 0 0 0 0 0
0 0 0.3497 0 0 0 0 0 0 0 0
0 0 0.334167 0 0 0 0 0 0 0 0
0 0 0.334818 0 0 0 0 0 0 0 0
0 0 0.291021 0 0 0 0 0 0 0 0
0 0 0.314913 0 0 0 0 0 0 0 0
0 0 0.126126 0 0 0 0 0 0 0 0
0 0 0.093611 0 0 0 0 0 0 0 0
0 0 0.23913 0 0 0 0 0 0 0 0
0 0 0.281571 0 0 0 0 0 0 0 0
0 0 0.180765 0 0 0 0 0 0 0 0
0 0 0.165333 0 0 0 0 0 0 0 0
0 0 0.201881 0 0 0 0 0 0 0 0
0 0 0.250789 0 0 0 0 0 0 0 0
0 0 0.220728 0 0 0 0 0 0 0 0
0 0 0.273671 0 0 0 0 0 0 0 0
0 0 0.380952 0 0 0 0 0 0 0 0
0 0 0.311773 0 0 0 0 0 0 0 0
0 0 0.293581 0 0 0 0 0 0 0 0
0 0 0.303946 0 0 0 0 0 0 0 0
0 0 0.331763 0 0 0 0 0 0 0 0
0 0 0.32931 0 0 0 0 0 0 0 0
0 0 0.332487 0 0 0 0 0 0 0 0
0 0 0.347083 0 0 0 0 0 0 0 0
0 0 0.332946 0 0 0 0 0 0 0 0
0 0 0.335096 0 0 0 0 0 0 0 0
0 0 0.291898 0 0 0 0 0 0 0 0
0 0 0.314534 0 0 0 0 0 0 0 0
0 0 0.126126 0 0 0 0 0 0 0 0
0 0 0.093895 0 0 0 0 0 0 0 0
0 0 0.23913 0 0 0 0 0 0 0 0
0 0 0.28078 0 0 0 0 0 0 0 0
0 0 0.180765 0 0 0 0 0 0 0 0
0 0 0.165333 0 0 0 0 0 0 0 0
0 0 0.202434 0 0 0 0 0 0 0 0
0 0 0.250789 0 0 0 0 0 0 0 0
0 0 0.220728 0 0 0 0 0 0 0 0
0 0 0.273671 0 0 0 0 0 0 0 0
0 0 0.380952 0 0 0 0 0 0 0 0
0 0 0.311773 0 0 0 0 0 0 0 0
0 0 0.293581 0 0 0 0 0 0 0 0
0 0 0.303946 0 0 0 0 0 0 0 0
0 0 0.331763 0 0 0 0 0 0 0 0
0 0 0.327241 0 0 0 0 0 0 0 0
0 0 0.332949 0 0 0 0 0 0 0 0
0 0 0.347083 0 0 0 0 0 0 0 0
0 0 0.334334 0 0 0 0 0 0 0 0
0 0 0.334818 0 0 0 0 0 0 0 0
0 0 0.290582 0 0 0 0 0 0 0 0
0 0 0.314534 0 0 0 0 0 0 0 0
0 0 0.126126 0 0 0 0 0 0 0 0
0 0 0.093895 0 0 0 0 0 0 0 0
0 0 0.149013 0 0 0 0 0 0 0 0
0 0 0.256903 0 0 0 0 0 0 0 0
0 0 0.23913 0 0 0 0 0 0 0 0
0 0 0.280253 0 0 0 0 0 0 0 0
0 0 0.180765 0 0 0 0 0 0 0 0
0 0 0.165333 0 0 0 0 0 0 0 0
0 0 0.202434 0 0 0 0 0 0 0 0
0 0 0.250789 0 0 0 0 0 0 0 0
0 0 0.220728 0 0 0 0 0 0 0 0
0 0 0.273671 0 0 0 0 0 0 0 0
0 0 0.380952 0 0 0 0 0 0 0 0
0 0 0.311773 0 0 0 0 0 0 0 0
0 0 0.293581 0 0 0 0 0 0 0 0
0 0 0.303946 0 0 0 0 0 0 0 0
0 0 0.329408 0 0 0 0 0 0 0 0
0 0 0.327241 0 0 0 0 0 0 0 0
0 0 0.33341 0 0 0 0 0 0 0 0
0 0 0.347237 0 0 0 0 0 0 0 0
0 0 0.332946 0 0 0 0 0 0 0 0
0 0 0.334818 0 0 0 0 0 0 0 0
0 0 0.290728 0 0 0 0 0 0 0 0
0 0 0.314913 0 0 0 0 0 0 0 0
0 0 0.126126 0 0 0 0 0 0 0 0
0 0 0.093895 0 0 0 0 0 0 0 0
0 0 0.23913 0 0 0 0 0 0 0 0
0 0 0.280253 0 0 0 0 0 0 0 0
0 0 0.185611 0 0 0 0 0 0 0 0
0 0 0.165333 0 0 0 0 0 0 0 0
0 0 0.202434 0 0 0 0 0 0 0 0
0 0 0.250789 0 0 0 0 0 0 0 0
0 0 0.220728 0 0 0 0 0 0 0 0
0 0 0.273671 0 0 0 0 0 0 0 0
0 0 0.380952 0 0 0 0 0 0 0 0
0 0 0.311773 0 0 0 0 0 0 0 0
0 0 0.293581 0 0 0 0 0 0 0 0
0 0 0.303946 0 0 0 0 0 0 0 0
0 0 0.329408 0 0 0 0 0 0 0 0
0 0 0.327241 0 0 0 0 0 0 0 0
0 0 0.332718 0 0 0 0 0 0 0 0
0 0 0.347083 0 0 0 0 0 0 0 0
0 0 0.332946 0 0 0 0 0 0 0 0
0 0 0.335096 0 0 0 0 0 0 0 0
0 0 0.290875 0 0 0 0 0 0 0 0
0 0 0.314534 0 0 0 0 0 0 0 0
0 0 0.126126 0 0 0 0 0 0 0 0
0 0 0.0938003 0 0 0 0 0 0 0 0
0 0 0.23947 0 0 0 0 0 0 0 0
0 0 0.279989 0 0 0 0 0 0 0 0
0 0 0.180765 0 0 0 0 0 0 0 0
0 0 0.165333 0 0 0 0 0 0 0 0
0 0 0.202987 0 0 0 0 0 0 0 0
0 0 0.250789 0 0 0 0 0 0 0 0
0 0 0.220728 0 0 0 0 0 0 0 0
0 0 0.273671 0 0 0 0 0 0 0 0
0 0 0.380952 0 0 0 0 0 0 0 0
0 0 0.311289 0 0 0 0 0 0 0 0
0 0 0.293581 0 0 0 0 0 0 0 0
0 0 0.303329 0 0 0 0 0 0 0 0
0 0 0.329408 0 0 0 0 0 0 0 0
0 0 0.327241 0 0 0 0 0 0 0 0
0 0 0.332487 0 0 0 0 0 0 0 0
0 0 0.345488 0 0 0 0 0 0 0 0
0 0 0.332946 0 0 0 0 0 0 0 0
0 0 0.334818 0 0 0 0 0 0 0 0
0 0 0.290728 0 0 0 0 0 0 0 0
0 0 0.314913 0 0 0 0 0 0 0 0
0 0 0.126126 0 0 0 0 0 0 0 0
0 0 0.0937057 0 0 0 0 0 0 0 0
0 0 0.23947 0 0 0 0 0 0 0 0
0 0 0.280253 0 0 0 0 0 0 0 0
0 0 0.186215 0 0 0 0 0 0 0 0
0 0 0.165333 0 0 0 0 0 0 0 0
0 0 0.201881 0 0 0 0 0 0 0 0
0 0 0.250789 0 0 0 0 0 0 0 0
0 0 0.220728 0 0 0 0 0 0 0 0
0 0 0.273671 0 0 0 0 0 0 0 0
0 0 0.380952 0 0 0 0 0 0 0 0
0 0 0.311047 0 0 0 0 0 0 0 0
0 0 0.293581 0 0 0 0 0 0 0 0
0 0 0.303329 0 0 0 0 0 0 0 0
0 0 0.329408 0 0 0 0 0 0 0 0
0 0 0.327241 0 0 0 0 0 0 0 0
0 0 0.332487 0 0 0 0 0 0 0 0
0 0 0.347083 0 0 0 0 0 0 0 0
0 0 0.33278 0 0 0 0 0 0 0 0
0 0 0.334539 0 0 0 0 0 0 0 0
0 0 0.291167 0 0 0 0 0 0 0 0
0 0 0.314534 0 0 0 0 0 0 0 0
0 0 0.126126 0 0 0 0 0 0 0 0
0 0 0.0935163 0 0 0 0 0 0 0 0
0 0 0.159935 0 0 0 0 0 0 0 0
0 0 0.23913 0 0 0 0 0 0 0 0
0 0 0.28078 0 0 0 0 0 0 0 0
0 0 0.189189 0 0 0 0 0 0 0 0
0 0 0.165333 0 0 0 0 0 0 0 0
0 0 0.201881 0 0 0 0 0 0 0 0
0 0 0.250789 0 0 0 0 0 0 0 0
0 0 0.220728 0 0 0 0 0 0 0 0
0 0 0.273356 0 0 0 0 0 0 0 0
0 0 0.380952 0 0 0 0 0 0 0 0
0 0 0.311047 0 0 0 0 0 0 0 0
0 0 0.293581 0 0 0 0 0 0 0 0
0 0 0.303329 0 0 0 0 0 0 0 0
0 0 0.329408 0 0 0 0 0 0 0 0
0 0 0.327241 0 0 0 0 0 0 0 0
0 0 0.332949 0 0 0 0 0 0 0 0
0 0 0.345488 0 0 0 0 0 0 0 0
0 0 0.33278 0 0 0 0 0 0 0 0
0 0 0.334818 0 0 0 0 0 0 0 0
0 0 0.291021 0 0 0 0 0 0 0 0
0 0 0.314534 0 0 0 0 0 0 0 0
0 0 0.126126 0 0 0 0 0 0 0 0
0 0 0.0938003 0 0 0 0 0 0 0 0
0 0 0.162107 0 0 0 0 0 0 0 0
0 0 0.23913 0 0 0 0 0 0 0 0
0 0 0.280253 0 0 0 0 0 0 0 0
0 0 0.181599 0 0 0 0 0 0 0 0
0 0 0.165333 0 0 0 0 0 0 0 0
0 0 0.201881 0 0 0 0 0 0 0 0
0 0 0.250789 0 0 0 0 0 0 0 0
0 0 0.220728 0 0 0 0 0 0 0 0
0 0 0.273356 0 0 0 0 0 0 0 0
0 0 0.380952 0 0 0 0 0 0 0 0
0 0 0.311047 0 0 0 0 0 0 0 0
0 0 0.293581 0 0 0 0 0 0 0 0
0 0 0.303329 0 0 0 0 0 0 0 0
0 0 0.329408 0 0 0 0 0 0 0 0
0 0 0.327241 0 0 0 0 0 0 0 0
0 0 0.332949 0 0 0 0 0 0 0 0
0 0 0.347083 0 0 0 0 0 0 0 0
0 0 0.33278 0 0 0 0 0 0 0 0
0 0 0.335096 0 0 0 0 0 0 0 0
0 0 0.290436 0 0 0 0 0 0 0 0
0 0 0.312642 0 0 0 0 0 0 0 0
0 0 0.126126 0 0 0 0 0 0 0 0
0 0 0.0938003 0 0 0 0 0 0 0 0
0 0 0.238791 0 0 0 0 0 0 0 0
0 0 0.280517 0 0 0 0 0 0 0 0
0 0 0.181599 0 0 0 0 0 0 0 0
0 0 0.165333 0 0 0 0 0 0 0 0
0 0 0.201881 0 0 0 0 0 0 0 0
0 0 0.250789 0 0 0 0 0 0 0 0
0 0 0.219937 0 0 0 0 0 0 0 0
0 0 0.273356 0 0 0 0 0 0 0 0
0 0 0.380952 0 0 0 0 0 0 0 0
0 0 0.311047 0 0 0 0 0 0 0 0
0 0 0.293581 0 0 0 0 0 0 0 0
0 0 0.303329 0 0 0 0 0 0 0 0
0 0 0.329408 0 0 0 0 0 0 0 0
0 0 0.327241 0 0 0 0 0 0 0 0
0 0 0.332949 0 0 0 0 0 0 0 0
0 0 0.345488 0 0 0 0 0 0 0 0
0 0 0.33278 0 0 0 0 0 0 0 0
0 0 0.335096 0 0 0 0 0 0 0 0
0 0 0.290728 0 0 0 0 0 0 0 0
0 0 0.312263 0 0 0 0 0 0 0 0
0 0 0.126126 0 0 0 0 0 0 0 0
0 0 0.093611 0 0 0 0 0 0 0 0
0 0 0.23947 0 0 0 0 0 0 0 0
0 0 0.279989 0 0 0 0 0 0 0 0
0 0 0.187932 0 0 0 0 0 0 0 0
0 0 0.165333 0 0 0 0 0 0 0 0
0 0 0.201881 0 0 0 0 0 0 0 0
0 0 0.250789 0 0 0 0 0 0 0 0
0 0 0.219937 0 0 0 0 0 0 0 0
0 0 0.273356 0 0 0 0 0 0 0 0
0 0 0.380952 0 0 0 0 0 0 0 0
0 0 0.311289 0 0 0 0 0 0 0 0
0 0 0.292992 0 0 0 0 0 0 0 0
0 0 0.303329 0 0 0 0 0 0 0 0
0 0 0.329408 0 0 0 0 0 0 0 0
0 0 0.327241 0 0 0 0 0 0 0 0
0 0 0.332949 0 0 0 0 0 0 0 0
0 0 0.345488 0 0 0 0 0 0 0 0
0 0 0.334334 0 0 0 0 0 0 0 0
0 0 0.334818 0 0 0 0 0 0 0 0
0 0 0.290728 0 0 0 0 0 0 0 0
0 0 0.312642 0 0 0 0 0 0 0 0
0 0 0.126126 0 0 0 0 0 0 0 0
0 0 0.0937057 0 0 0 0 0 0 0 0
0 0 0.238451 0 0 0 0 0 0 0 0
0 0 0.28078 0 0 0 0 0 0 0 0
0 0 0.187932 0 0 0 0 0 0 0 0
0 0 0.165333 0 0 0 0 0 0 0 0
0 0 0.201881 0 0 0 0 0 0 0 0
0 0 0.250789 0 0 0 0 0 0 0 0
0 0 0.219937 0 0 0 0 0 0 0 0
0 0 0.273356 0 0 0 0 0 0 0 0
0 0 0.380952 0 0 0 0 0 0 0 0
0 0 0.311047 0 0 0 0 0 0 0 0
0 0 0.292992 0 0 0 0 0 0 0 0
0 0 0.303329 0 0 0 0 0 0 0 0
0 0 0.329408 0 0 0 0 0 0 0 0
0 0 0.327241 0 0 0 0 0 0 0 0
0 0 0.332718 0 0 0 0 0 0 0 0
0 0 0.345488 0 0 0 0 0 0 0 0
0 0 0.332946 0 0 0 0 0 0 0 0
0 0 0.333704 0 0 0 0 0 0 0 0
0 0 0.29029 0 0 0 0 0 0 0 0
0 0 0.312263 0 0 0 0 0 0 0 0
0 0 0.126126 0 0 0 0 0 0 0 0
0 0 0.0935163 0 0 0 0 0 0 0 0
0 0 0.158561 0 0 0 0 0 0 0 0
0 0 0.146425 0 0 0 0 0 0 0 0
0 0 0.164353 0 0 0 0 0 0 0 0
0 0 0.128482 0 0 0 0 0 0 0 0
0 0 0.20946 0 0 0 0 0 0 0 0
0 0 0.14535 0 0 0 0 0 0 0 0
0 0 0.203757 0 0 0 0 0 0 0 0
0 0 0.135864 0 0 0 0 0 0 0 0
0 0 0.181818 0 0 0 0 0 0 0 0
0 0 0.262366 0 0 0 0 0 0 0 0
0 0 0.24452 0 0 0 0 0 0 0 0
0 0 0.235818 0 0 0 0 0 0 0 0
0 0 0.177181 0 0 0 0 0 0 0 0
0 0 0.198604 0 0 0 0 0 0 0 0
0 0 0.113468 0 0 0 0 0 0 0 0
0 0 0.157945 0 0 0 0 0 0 0 0
0 0 0.182977 0 0 0 0 0 0 0 0
0 0 0.191061 0 0 0 0 0 0 0 0
0 0 0.146626 0 0 0 0 0 0 0 0
0 0 0.164193 0 0 0 0 0 0 0 0
0 0 0.128482 0 0 0 0 0 0 0 0
0 0 0.113468 0 0 0 0 0 0 0 0
0 0 0.157563 0 0 0 0 0 0 0 0
0 0 0.182977 0 0 0 0 0 0 0 0
0 0 0.191215 0 0 0 0 0 0 0 0
0 0 0.209211 0 0 0 0 0 0 0 0
0 0 0.143938 0 0 0 0 0 0 0 0
0 0 0.204272 0 0 0 0 0 0 0 0
0 0 0.129911 0 0 0 0 0 0 0 0
0 0 0.156347 0 0 0 0 0 0 0 0
0 0 0.170811 0 0 0 0 0 0 0 0
0 0 0.166336 0 0 0 0 0 0 0 0
0 0 0.181818 0 0 0 0 0 0 0 0
0 0 0.262366 0 0 0 0 0 0 0 0
0 0 0.252026 0 0 0 0 0 0 0 0
0 0 0.237724 0 0 0 0 0 0 0 0
0 0 0.176063 0 0 0 0 0 0 0 0
0 0 0.198227 0 0 0 0 0 0 0 0
0 0 0.191469 0 0 0 0 0 0 0 0
0 0 0.194656 0 0 0 0 0 0 0 0
0 0 0.164251 0 0 0 0 0 0 0 0
0 0 0.231884 0 0 0 0 0 0 0 0
0 0 0.330177 0 0 0 0 0 0 0 0
0 0 0.285333 0 0 0 0 0 0 0 0
0 0 0.346426 0 0 0 0 0 0 0 0
0 0 0.233672 0 0 0 0 0 0 0 0
0 0 0.164405 0 0 0 0 0 0 0 0
0 0 0.0413061 0 0 0 0 0 0 0 0
0 0 0.0952546 0 0 0 0 0 0 0 0
0 0 0.24589 0 0 0 0 0 0 0 0
0 0 0.267267 0 0 0 0 0 0 0 0
0 0 0.220028 0 0 0 0 0 0 0 0
0 0 0.425726 0 0 0 0 0 0 0 0
0 0 0.235732 0 0 0 0 0 0 0 0
0 0 0.143023 0 0 0 0 0 0 0 0
0 0 0.194656 0 0 0 0 0 0 0 0
0 0 0.164251 0 0 0 0 0 0 0 0
0 0 0.231884 0 0 0 0 0 0 0 0
0 0 0.330177 0 0 0 0 0 0 0 0
0 0 0.285333 0 0 0 0 0 0 0 0
0 0 0.346426 0 0 0 0 0 0 0 0
0 0 0.233672 0 0 0 0 0 0 0 0
0 0 0.167625 0 0 0 0 0 0 0 0
0 0 0.0412405 0 0 0 0 0 0 0 0
0 0 0.0925433 0 0 0 0 0 0 0 0
0 0 0.244833 0 0 0 0 0 0 0 0
0 0 0.267601 0 0 0 0 0 0 0 0
0 0 0.220028 0 0 0 0 0 0 0 0
0 0 0.425726 0 0 0 0 0 0 0 0
0 0 0.235732 0 0 0 0 0 0 0 0
0 0 0.143023 0 0 0 0 0 0 0 0
0 0 0.194656 0 0 0 0 0 0 0 0
0 0 0.164251 0 0 0 0 0 0 0 0
0 0 0.231884 0 0 0 0 0 0 0 0
0 0 0.330177 0 0 0 0 0 0 0 0
0 0 0.285333 0 0 0 0 0 0 0 0
0 0 0.346426 0 0 0 0 0 0 0 0
0 0 0.233672 0 0 0 0 0 0 0 0
0 0 0.167625 0 0 0 0 0 0 0 0
0 0 0.0413061 0 0 0 0 0 0 0 0
0 0 0.0925433 0 0 0 0 0 0 0 0
0 0 0.246247 0 0 0 0 0 0 0 0
0 0 0.266934 0 0 0 0 0 0 0 0
0 0 0.220028 0 0 0 0 0 0 0 0
0 0 0.425726 0 0 0 0 0 0 0 0
0 0 0.23641 0 0 0 0 0 0 0 0
0 0 0.143023 0 0 0 0 0 0 0 0
0 0 0.144115 0 0 0 0 0 0 0 0
0 0 0.113525 0 0 0 0 0 0 0 0
0 0 0.168975 0 0 0 0 0 0 0 0
0 0 0.145485 0 0 0 0 0 0 0 0
0 0 0.163347 0 0 0 0 0 0 0 0
0 0 0.303053 0 0 0 0 0 0 0 0
0 0 0.0654362 0 0 0 0 0 0 0 0
0 0 0.194494 0 0 0 0 0 0 0 0
1 0 0.236805 0 0 0 0 15.19 9.55 100 0
0 0 0.147128 0 0 0 0 0 0 0 0
0 0 0.112288 0 0 0 0 0 0 0 0
0 0 0.0995763 0 0 0 0 0 0 0 0
0 0 0.144792 0 0 0 0 0 0 0 0
0 0 0.178174 0 0 0 0 0 0 0 0
0 0 0.182181 0 0 0 0 0 0 0 0
0 0 0.182181 0 0 0 0 0 0 0 0
0 0 0.182181 0 0 0 0 0 0 0 0
0 0 0.20848 0 0 0 0 0 0 0 0
0 0 0.222687 0 0 0 0 0 0 0 0
0 0 0.115199 0 0 0 0 0 0 0 0
0 0 0.0390279 0 0 0 0 0 0 0 0
0 0 0.154447 0 0 0 0 0 0 0 0
0 0 0.16974 0 0 0 0 0 0 0 0
0 0 0.192607 0 0 0 0 0 0 0 0
0 0 0.169261 0 0 0 0 0 0 0 0
1 1 0.221277 0 0 0 0 15.05 9.91 85.71 0
0 0 0.166027 0 0 0 0 0 0 0 0
0 0 0.157303 0 0 0 0 0 0 0 0
0 0 0.157746 0 0 0 0 0 0 0 0
0 0 0.219583 0 0 0 0 0 0 0 0
0 0 0.198956 0 0 0 0 0 0 0 0
0 0 0.213821 0 0 0 0 0 0 0 0
0 0 0.164574 0 0 0 0 0 0 0 0
0 0 0.158681 0 0 0 0 0 0 0 0
0 0 0.0570488 0 0 0 0 0 0 0 0
0 0 0.0526112 0 0 0 0 0 0 0 0
0 0 0.0725743 0 0 0 0 0 0 0 0
0 0 0.102289 0 0 0 0 0 0 0 0
0 0 0.123956 0 0 0 0 0 0 0 0
0 0 0.162573 0 0 0 0 0 0 0 0
0 0 0.199174 0 0 0 0 0 0 0 0
0 0 0.150359 0 0 0 0 0 0 0 0
0 0 0.247844 0 0 0 0 0 0 0 0
0 0 0.199489 0 0 0 0 0 0 0 0
0 0 0.11035 0 0 0 0 0 0 0 0
0 0 0.165744 0 0 0 0 0 0 0 0
0 0 0.131587 0 0 0 0 0 0 0 0
0 0 0.120377 0 0 0 0 0 0 0 0
0 0 0.217877 0 0 0 0 0 0 0 0
0 0 0.19598 0 0 0 0 0 0 0 0
1 0 0.193548 0 0 0 0 14.71 9.16 100 0
0 0 0.218243 0 0 0 0 0 0 0 0
0 0 0.113053 0 0 0 0 0 0 0 0
0 0 0.330808 0 0 0 0 0 0 0 0
0 0 0.21656 0 0 0 0 0 0 0 0
0 0 0.21231 0 0 0 0 0 0 0 0
0 0 0.126271 0 0 0 0 0 0 0 0
0 0 0.131646 0 0 0 0 0 0 0 0
1 0 0.188988 0 0 0 0 9.31 5.44 100 0
0 0 0.143336 0 0 0 0 0 0 0 0
0 0 0.17963 0 0 0 0 0 0 0 0
0 0 0.136328 0 0 0 0 0 0 0 0
0 0 0.184579 0 0 0 0 0 0 0 0
0 0 0.0428153 0 0 0 0 0 0 0 0
0 0 0.0418152 0 0 0 0 0 0 0 0
0 0 0.105517 0 0 0 0 0 0 0 0
1 1 0.0989848 0 0 0 0 8.79 4.94 100 0
0 0 0.107296 0 0 0 0 0 0 0 0
0 0 0.0991228 0 0 0 0 0 0 0 0
0 0 0.130904 0 0 0 0 0 0 0 0
0 0 0.138284 0 0 0 0 0 0 0 0
0 0 0.0684524 0 0 0 0 0 0 0 0
0 0 0.124834 0 0 0 0 0 0 0 0
0 0 0.232012 0 0 0 0 0 0 0 0
0 0 0.179935 0 0 0 0 0 0 0 0
0 0 0.217808 0 0 0 0 0 0 0 0
0 0 0.201814 0 0 0 0 0 0 0 0
0 0 0.171815 0 0 0 0 0 0 0 0
0 0 0.164486 0 0 0 0 0 0 0 0
0 0 0.151248 0 0 0 0 0 0 0 0
0 0 0.242579 0 0 0 0 0 0 0 0
0 0 0.247396 0 0 0 0 0 0 0 0
1 1 0.186242 0 0 0 0 15.51 9.55 62.5 0
0 0 0.228737 0 0 0 0 0 0 0 0
0 0 0.27068 0 0 0 0 0 0 0 0
0 0 0.247382 0 0 0 0 0 0 0 0
0 0 0.234291 0 0 0 0 0 0 0 0
0 0 0.226917 0 0 0 0 0 0 0 0
0 0 0.261261 0 0 0 0 0 0 0 0
0 0 0.25208 0 0 0 0 0 0 0 0
0 0 0.249005 0 0 0 0 0 0 0 0
0 0 0.240063 0 0 0 0 0 0 0 0
0 0 0.235234 0 0 0 0 0 0 0 0
0 0 0.230717 0 0 0 0 0 0 0 0
0 0 0.240262 0 0 0 0 0 0 0 0
0 0 0.264577 0 0 0 0 0 0 0 0
1 1 0.221037 0 0 0 0 14.09 9.77 100 0
0 0 0.244026 0 0 0 0 0 0 0 0
0 0 0.242001 0 0 0 0 0 0 0 0
0 0 0.199402 0 0 0 0 0 0 0 0
0 0 0.201396 0 0 0 0 0 0 0 0
0 0 0.214765 0 0 0 0 0 0 0 0
0 0 0.223697 0 0 0 0 0 0 0 0
0 0 0.203244 0 0 0 0 0 0 0 0
0 0 0.250683 0 0 0 0 0 0 0 0
0 0 0.214218 0 0 0 0 0 0 0 0
0 0 0.216061 0 0 0 0 0 0 0 0
0 0 0.246653 0 0 0 0 0 0 0 0
0 0 0.210983 0 0 0 0 0 0 0 0
0 0 0.266879 0 0 0 0 0 0 0 0
0 0 0.222711 0 0 0 0 0 0 0 0
0 0 0.226432 0 0 0 0 0 0 0 0
0 0 0.258349 0 0 0 0 0 0 0 0
0 0 0.182058 0 0 0 0 0 0 0 0
0 0 0.206823 0 0 0 0 0 0 0 0
0 0 0.145719 0 0 0 0 0 0 0 0
0 0 0.235977 0 0 0 0 0 0 0 0
0 0 0.193182 0 0 0 0 0 0 0 0
0 0 0.185751 0 0 0 0 0 0 0 0
0 0 0.222049 0 0 0 0 0 0 0 0
0 0 0.217731 0 0 0 0 0 0 0 0
0 0 0.227035 0 0 0 0 0 0 0 0
0 0 0.261261 0 0 0 0 0 0 0 0
0 0 0.146277 0 0 0 0 0 0 0 0
0 0 0.186139 0 0 0 0 0 0 0 0
0 0 0.146277 0 0 0 0 0 0 0 0
0 0 0.186139 0 0 0 0 0 0 0 0
0 0 0.093049 0 0 0 0 0 0 0 0
0 0 0.0983607 0 0 0 0 0 0 0 0
0 0 0.129957 0 0 0 0 0 0 0 0
0 0 0.196273 0 0 0 0 0 0 0 0
1 1 0.199732 0 0 0 0 9.46 5.09 50 0
0 0 0.0931803 0 0 0 0 0 0 0 0
0 0 0.127959 0 0 0 0 0 0 0 0
0 0 0.196013 0 0 0 0 0 0 0 0
1 1 0.199732 0 0 0 0 8.38 4.52 50 0
0 0 0.0228406 0 0 0 0 0 0 0 0
0 0 0.0964212 0 0 0 0 0 0 0 0
0 0 0.148354 0 0 0 0 0 0 0 0
0 0 0.14795 0 0 0 0 0 0 0 0
0 0 0.120361 0 0 0 0 0 0 0 0
0 0 0.126066 0 0 0 0 0 0 0 0
1 1 0.179724 0 0 0 0 15.17 10.09 100 0
1 1 0.236735 0 0 0 0 15.49 10.44 100 0
0 0 0.148352 0 0 0 0 0 0 0 0
0 0 0.244012 0 0 0 0 0 0 0 0
0 0 0.071718 0 0 0 0 0 0 0 0
0 0 0.1317 0 0 0 0 0 0 0 0
0 0 0.141075 0 0 0 0 0 0 0 0
0 0 0.094431 0 0 0 0 0 0 0 0
0 0 0.261814 0 0 0 0 0 0 0 0
0 0 0.258486 0 0 0 0 0 0 0 0
1 0 0.186469 0 0 0 0 2.95 1.83 100 0
0 0 0.198 0 0 0 0 0 0 0 0
1 0 0.159751 0 0 0 0 2.98 1.69 100 0
1 0 0.158014 0 0 0 0 2.99 1.68 100 0
0 0 0.147709 0 0 0 0 0 0 0 0
0 0 0.205607 0 0 0 0 0 0 0 0
0 0 0.227338 0 0 0 0 0 0 0 0
0 0 0.242074 0 0 0 0 0 0 0 0
0 0 0.0983607 0 0 0 0 0 0 0 0
0 0 0.129347 0 0 0 0 0 0 0 0
0 0 0.196687 0 0 0 0 0 0 0 0
1 1 0.199732 0 0 0 0 9.52 5.14 50 0
0 0 0.0931803 0 0 0 0 0 0 0 0
0 0 0.127959 0 0 0 0 0 0 0 0
0 0 0.196013 0 0 0 0 0 0 0 0
1 1 0.199732 0 0 0 0 8.43 4.56 50 0
0 0 0.209091 0 0 0 0 0 0 0 0
0 0 0.163859 0 0 0 0 0 0 0 0
0 0 0.143709 0 0 0 0 0 0 0 0
0 0 0.15816 0 0 0 0 0 0 0 0
0 0 0.206915 0 0 0 0 0 0 0 0
0 0 0.125376 0 0 0 0 0 0 0 0
0 0 0.26999 0 0 0 0 0 0 0 0
0 0 0.138254 0 0 0 0 0 0 0 0
0 0 0.16877 0 0 0 0 0 0 0 0
0 0 0.134344 0 0 0 0 0 0 0 0
0 0 0.191401 0 0 0 0 0 0 0 0
1 0 0.528302 0 0 0 0 14.83 9.22 82.61 0
1 0 0.183417 0 0 0 0 14.77 8.91 100 0
1 0 0.178771 0 0 0 0 14.57 8.91 100 0
0 0 0.127976 0 0 0 0 0 0 0 0
0 0 0.180879 0 0 0 0 0 0 0 0
0 0 0.216475 0 0 0 0 0 0 0 0
0 0 0.156328 0 0 0 0 0 0 0 0
0 0 0.223058 0 0 0 0 0 0 0 0
0 0 0.117113 0 0 0 0 0 0 0 0
0 0 0.127976 0 0 0 0 0 0 0 0
0 0 0.180879 0 0 0 0 0 0 0 0
0 0 0.216475 0 0 0 0 0 0 0 0
0 0 0.156328 0 0 0 0 0 0 0 0
0 0 0.223058 0 0 0 0 0 0 0 0
0 0 0.11213 0 0 0 0 0 0 0 0
0 0 0.121807 0 0 0 0 0 0 0 0
0 0 0.099851 0 0 0 0 0 0 0 0
0 0 0.129347 0 0 0 0 0 0 0 0
0 0 0.196273 0 0 0 0 0 0 0 0
1 1 0.199732 0 0 0 0 9.5 5.09 50 0
0 0 0.0931803 0 0 0 0 0 0 0 0
0 0 0.127959 0 0 0 0 0 0 0 0
0 0 0.196013 0 0 0 0 0 0 0 0
1 1 0.199732 0 0 0 0 8.42 4.52 50 0
0 0 0.155052 0 0 0 0 0 0 0 0
0 0 0.192084 0 0 0 0 0 0 0 0
0 0 0.205224 0 0 0 0 0 0 0 0
0 0 0.20302 0 0 0 0 0 0 0 0
0 0 0.158189 0 0 0 0 0 0 0 0
0 0 0.186879 0 0 0 0 0 0 0 0
1 0 0.174359 0 0 0 0 14.33 8.97 100 0
0 0 0.18157 0 0 0 0 0 0 0 0
0 0 0.201288 0 0 0 0 0 0 0 0
1 1 0.230624 0 0 0 0 13.9 9.89 100 0
1 1 0.114525 0 0 0 0 13.42 9.2 100 0
0 0 0.148536 0 0 0 0 0 0 0 0
0 0 0.148536 0 0 0 0 0 0 0 0
0 0 0.0949857 0 0 0 0 0 0 0 0
0 0 0.168959 0 0 0 0 0 0 0 0
0 0 0.105263 0 0 0 0 0 0 0 0
0 0 0.49955 0 0 0 0 0 0 0 0
0 0 0.470738 0 0 0 0 0 0 0 0
0 0 0.477916 0 0 0 0 0 0 0 0
0 0 0.479386 0 0 0 0 0 0 0 0
0 0 0.162511 0 0 0 0 0 0 0 0
0 0 0.190009 0 0 0 0 0 0 0 0
0 0 0.171684 0 0 0 0 0 0 0 0
1 1 0.220729 0 0 0 0 9.17 5.28 100 0
0 0 0.188216 0 0 0 0 0 0 0 0
0 0 0.161111 0 0 0 0 0 0 0 0
0 0 0.210177 0 0 0 0 0 0 0 0
0 0 0.227823 0 0 0 0 0 0 0 0
0 0 0.215253 0 0 0 0 0 0 0 0
0 0 0.217925 0 0 0 0 0 0 0 0
0 0 0.152226 0 0 0 0 0 0 0 0
0 0 0.160656 0 0 0 0 0 0 0 0
0 0 0.226693 0 0 0 0 0 0 0 0
0 0 0.219186 0 0 0 0 0 0 0 0
0 0 0.269504 0 0 0 0 0 0 0 0
0 0 0.289658 0 0 0 0 0 0 0 0
0 0 0.23545 0 0 0 0 0 0 0 0
0 0 0.234127 0 0 0 0 0 0 0 0
1 1 0.209591 0 0 0 0 16.14 11.05 87.5 0
1 1 0.21815 0 0 0 0 16.4 11.36 87.5 0
0 0 0.204589 0 0 0 0 0 0 0 0
0 0 0.176009 0 0 0 0 0 0 0 0
0 0 0.205128 0 0 0 0 0 0 0 0
1 0 0.14 0 0 0 0 0 0 0 0
0 0 0.283491 0 0 0 0 0 0 0 0
0 0 0.171007 0 0 0 0 0 0 0 0
1 0 0.153017 0 0 0 0 0 0 0 0
0 0 0.215017 0 0 0 0 0 0 0 0
1 1 0.15251 0 0 0 0 13.94 8.42 0 0
0 0 0.161497 0 0 0 0 0 0 0 0
1 0 0.222591 0 0 0 0 14.64 9.65 100 0
0 0 0.216518 0 0 0 0 0 0 0 0
0 0 0.150895 0 0 0 0 0 0 0 0
0 0 0.134435 0 0 0 0 0 0 0 0
0 0 0.137225 0 0 0 0 0 0 0 0
1 0 0.14359 0 0 0 0 8.66 5.61 100 0
0 0 0.150847 0 0 0 0 0 0 0 0
1 0 0.0879713 0 0 0 0 8.71 5.61 100 0
0 0 0.252235 0 0 0 0 0 0 0 0
1 1 0.168712 0 0 0 0 9.07 6.36 0 0
0 0 0.0753205 0 0 0 0 0 0 0 0
0 0 0.0840336 0 0 0 0 0 0 0 0
0 0 0.098441 0 0 0 0 0 0 0 0
0 0 0.224335 0 0 0 0 0 0 0 0
0 0 0.219905 0 0 0 0 0 0 0 0
0 0 0.181818 0 0 0 0 0 0 0 0
0 0 0.167712 0 0 0 0 0 0 0 0
0 0 0.16877 0 0 0 0 0 0 0 0
0 0 0.170673 0 0 0 0 0 0 0 0
0 0 0.143396 0 0 0 0 0 0 0 0
0 0 0.180608 0 0 0 0 0 0 0 0
0 0 0.108618 0 0 0 0 0 0 0 0
0 0 0.190852 0 0 0 0 0 0 0 0
0 0 0.238019 0 0 0 0 0 0 0 0
0 0 0.218944 0 0 0 0 0 0 0 0
0 0 0.339143 0 0 0 0 0 0 0 0
0 0 0.205592 0 0 0 0 0 0 0 0
0 0 0.208877 0 0 0 0 0 0 0 0
0 0 0.289934 0 0 0 0 0 0 0 0
0 0 0.18775 0 0 0 0 0 0 0 0
0 0 0.211285 0 0 0 0 0 0 0 0
0 0 0.192742 0 0 0 0 0 0 0 0
1 1 0.183486 0 0 0 0 0.3 0.38 0 0
1 1 0.14787 0 0 0 0 0.3 0.38 0 0
0 0 0.0753205 0 0 0 0 0 0 0 0
0 0 0.0840336 0 0 0 0 0 0 0 0
0 0 0.098441 0 0 0 0 0 0 0 0
0 0 0.224335 0 0 0 0 0 0 0 0
0 0 0.219905 0 0 0 0 0 0 0 0
0 0 0.184685 0 0 0 0 0 0 0 0
0 0 0.167712 0 0 0 0 0 0 0 0
0 0 0.16877 0 0 0 0 0 0 0 0
0 0 0.170673 0 0 0 0 0 0 0 0
0 0 0.143396 0 0 0 0 0 0 0 0
0 0 0.180608 0 0 0 0 0 0 0 0
0 0 0.108618 0 0 0 0 0 0 0 0
0 0 0.190852 0 0 0 0 0 0 0 0
0 0 0.238019 0 0 0 0 0 0 0 0
0 0 0.218944 0 0 0 0 0 0 0 0
0 0 0.339143 0 0 0 0 0 0 0 0
0 0 0.205592 0 0 0 0 0 0 0 0
0 0 0.208877 0 0 0 0 0 0 0 0
0 0 0.289934 0 0 0 0 0 0 0 0
0 0 0.189081 0 0 0 0 0 0 0 0
0 0 0.211285 0 0 0 0 0 0 0 0
0 0 0.192568 0 0 0 0 0 0 0 0
1 1 0.183486 0 0 0 0 0.3 0.38 0 0
1 1 0.14787 0 0 0 0 0.3 0.38 0 0
0 0 0.171779 0 0 0 0 0 0 0 0
0 0 0.0896358 0 0 0 0 0 0 0 0
0 0 0.098441 0 0 0 0 0 0 0 0
0 0 0.224335 0 0 0 0 0 0 0 0
0 0 0.219905 0 0 0 0 0 0 0 0
0 0 0.184685 0 0 0 0 0 0 0 0
0 0 0.167712 0 0 0 0 0 0 0 0
0 0 0.16877 0 0 0 0 0 0 0 0
0 0 0.170673 0 0 0 0 0 0 0 0
0 0 0.143396 0 0 0 0 0 0 0 0
0 0 0.180608 0 0 0 0 0 0 0 0
0 0 0.108618 0 0 0 0 0 0 0 0
0 0 0.190852 0 0 0 0 0 0 0 0
0 0 0.238019 0 0 0 0 0 0 0 0
0 0 0.218944 0 0 0 0 0 0 0 0
0 0 0.339143 0 0 0 0 0 0 0 0
0 0 0.205592 0 0 0 0 0 0 0 0
0 0 0.208877 0 0 0 0 0 0 0 0
0 0 0.289934 0 0 0 0 0 0 0 0
0 0 0.188415 0 0 0 0 0 0 0 0
0 0 0.211285 0 0 0 0 0 0 0 0
0 0 0.192394 0 0 0 0 0 0 0 0
1 1 0.183486 0 0 0 0 0.3 0.38 0 0
1 1 0.14787 0 0 0 0 0.3 0.38 0 0
0 0 0.0753205 0 0 0 0 0 0 0 0
0 0 0.0840336 0 0 0 0 0 0 0 0
0 0 0.098441 0 0 0 0 0 0 0 0
0 0 0.224335 0 0 0 0 0 0 0 0
0 0 0.219905 0 0 0 0 0 0 0 0
0 0 0.181818 0 0 0 0 0 0 0 0
0 0 0.167712 0 0 0 0 0 0 0 0
0 0 0.16877 0 0 0 0 0 0 0 0
0 0 0.170673 0 0 0 0 0 0 0 0
0 0 0.143396 0 0 0 0 0 0 0 0
0 0 0.180608 0 0 0 0 0 0 0 0
0 0 0.108618 0 0 0 0 0 0 0 0
0 0 0.190852 0 0 0 0 0 0 0 0
0 0 0.238019 0 0 0 0 0 0 0 0
0 0 0.218944 0 0 0 0 0 0 0 0
0 0 0.339143 0 0 0 0 0 0 0 0
0 0 0.205592 0 0 0 0 0 0 0 0
0 0 0.208877 0 0 0 0 0 0 0 0
0 0 0.289934 0 0 0 0 0 0 0 0
0 0 0.189081 0 0 0 0 0 0 0 0
0 0 0.211285 0 0 0 0 0 0 0 0
0 0 0.193089 0 0 0 0 0 0 0 0
1 1 0.183486 0 0 0 0 0.3 0.38 0 0
1 1 0.14787 0 0 0 0 0.3 0.38 0 0
0 0 0.0753205 0 0 0 0 0 0 0 0
0 0 0.0840336 0 0 0 0 0 0 0 0
0 0 0.098441 0 0 0 0 0 0 0 0
0 0 0.224335 0 0 0 0 0 0 0 0
0 0 0.219905 0 0 0 0 0 0 0 0
0 0 0.181818 0 0 0 0 0 0 0 0
0 0 0.167712 0 0 0 0 0 0 0 0
0 0 0.16877 0 0 0 0 0 0 0 0
0 0 0.170673 0 0 0 0 0 0 0 0
0 0 0.143396 0 0 0 0 0 0 0 0
0 0 0.180608 0 0 0 0 0 0 0 0
0 0 0.108618 0 0 0 0 0 0 0 0
0 0 0.190852 0 0 0 0 0 0 0 0
0 0 0.238019 0 0 0 0 0 0 0 0
0 0 0.218944 0 0 0 0 0 0 0 0
0 0 0.339143 0 0 0 0 0 0 0 0
0 0 0.205592 0 0 0 0 0 0 0 0
0 0 0.208877 0 0 0 0 0 0 0 0
0 0 0.289934 0 0 0 0 0 0 0 0
0 0 0.18775 0 0 0 0 0 0 0 0
0 0 0.211285 0 0 0 0 0 0 0 0
0 0 0.192394 0 0 0 0 0 0 0 0
1 1 0.183486 0 0 0 0 0.3 0.38 0 0
1 1 0.14787 0 0 0 0 0.3 0.38 0 0
0 0 0.0753205 0 0 0 0 0 0 0 0
0 0 0.0840336 0 0 0 0 0 0 0 0
0 0 0.098441 0 0 0 0 0 0 0 0
0 0 0.224335 0 0 0 0 0 0 0 0
0 0 0.219905 0 0 0 0 0 0 0 0
0 0 0.181818 0 0 0 0 0 0 0 0
0 0 0.167712 0 0 0 0 0 0 0 0
0 0 0.16877 0 0 0 0 0 0 0 0
0 0 0.170673 0 0 0 0 0 0 0 0
0 0 0.143396 0 0 0 0 0 0 0 0
0 0 0.180608 0 0 0 0 0 0 0 0
0 0 0.108618 0 0 0 0 0 0 0 0
0 0 0.190852 0 0 0 0 0 0 0 0
0 0 0.238019 0 0 0 0 0 0 0 0
0 0 0.218944 0 0 0 0 0 0 0 0
0 0 0.339143 0 0 0 0 0 0 0 0
0 0 0.205592 0 0 0 0 0 0 0 0
0 0 0.208877 0 0 0 0 0 0 0 0
0 0 0.289934 0 0 0 0 0 0 0 0
0 0 0.188415 0 0 0 0 0 0 0 0
0 0 0.211285 0 0 0 0 0 0 0 0
0 0 0.192568 0 0 0 0 0 0 0 0
1 1 0.183486 0 0 0 0 0.3 0.38 0 0
1 1 0.14787 0 0 0 0 0.3 0.38 0 0
0 0 0.0753205 0 0 0 0 0 0 0 0
0 0 0.0840336 0 0 0 0 0 0 0 0
0 0 0.098441 0 0 0 0 0 0 0 0
0 0 0.224335 0 0 0 0 0 0 0 0
0 0 0.219905 0 0 0 0 0 0 0 0
0 0 0.181818 0 0 0 0 0 0 0 0
0 0 0.167712 0 0 0 0 0 0 0 0
0 0 0.16877 0 0 0 0 0 0 0 0
0 0 0.170673 0 0 0 0 0 0 0 0
0 0 0.143396 0 0 0 0 0 0 0 0
0 0 0.180608 0 0 0 0 0 0 0 0
0 0 0.108618 0 0 0 0 0 0 0 0
0 0 0.190852 0 0 0 0 0 0 0 0
0 0 0.238019 0 0 0 0 0 0 0 0
0 0 0.218944 0 0 0 0 0 0 0 0
0 0 0.339143 0 0 0 0 0 0 0 0
0 0 0.205592 0 0 0 0 0 0 0 0
0 0 0.208877 0 0 0 0 0 0 0 0
0 0 0.289934 0 0 0 0 0 0 0 0
0 0 0.188415 0 0 0 0 0 0 0 0
0 0 0.211285 0 0 0 0 0 0 0 0
0 0 0.192394 0 0 0 0 0 0 0 0
1 1 0.183486 0 0 0 0 0.3 0.38 0 0
1 1 0.14787 0 0 0 0 0.3 0.38 0 0
0 0 0.0753205 0 0 0 0 0 0 0 0
0 0 0.0840336 0 0 0 0 0 0 0 0
0 0 0.098441 0 0 0 0 0 0 0 0
0 0 0.224335 0 0 0 0 0 0 0 0
0 0 0.219905 0 0 0 0 0 0 0 0
0 0 0.184685 0 0 0 0 0 0 0 0
0 0 0.167712 0 0 0 0 0 0 0 0
0 0 0.16877 0 0 0 0 0 0 0 0
0 0 0.170673 0 0 0 0 0 0 0 0
0 0 0.143396 0 0 0 0 0 0 0 0
0 0 0.180608 0 0 0 0 0 0 0 0
0 0 0.108618 0 0 0 0 0 0 0 0
0 0 0.190852 0 0 0 0 0 0 0 0
0 0 0.238019 0 0 0 0 0 0 0 0
0 0 0.218944 0 0 0 0 0 0 0 0
0 0 0.339143 0 0 0 0 0 0 0 0
0 0 0.205592 0 0 0 0 0 0 0 0
0 0 0.208877 0 0 0 0 0 0 0 0
0 0 0.289934 0 0 0 0 0 0 0 0
0 0 0.188415 0 0 0 0 0 0 0 0
0 0 0.211285 0 0 0 0 0 0 0 0
0 0 0.192568 0 0 0 0 0 0 0 0
1 1 0.183486 0 0 0 0 0.3 0.38 0 0
1 1 0.14787 0 0 0 0 0.3 0.38 0 0
0 0 0.0753205 0 0 0 0 0 0 0 0
0 0 0.0840336 0 0 0 0 0 0 0 0
0 0 0.098441 0 0 0 0 0 0 0 0
0 0 0.224335 0 0 0 0 0 0 0 0
0 0 0.219905 0 0 0 0 0 0 0 0
0 0 0.184685 0 0 0 0 0 0 0 0
0 0 0.167712 0 0 0 0 0 0 0 0
0 0 0.16877 0 0 0 0 0 0 0 0
0 0 0.170673 0 0 0 0 0 0 0 0
0 0 0.143396 0 0 0 0 0 0 0 0
0 0 0.180608 0 0 0 0 0 0 0 0
0 0 0.108618 0 0 0 0 0 0 0 0
0 0 0.190852 0 0 0 0 0 0 0 0
0 0 0.238019 0 0 0 0 0 0 0 0
0 0 0.218944 0 0 0 0 0 0 0 0
0 0 0.339143 0 0 0 0 0 0 0 0
0 0 0.205592 0 0 0 0 0 0 0 0
0 0 0.208877 0 0 0 0 0 0 0 0
0 0 0.289934 0 0 0 0 0 0 0 0
0 0 0.188415 0 0 0 0 0 0 0 0
0 0 0.211285 0 0 0 0 0 0 0 0
0 0 0.192915 0 0 0 0 0 0 0 0
1 1 0.183486 0 0 0 0 0.3 0.38 0 0
1 1 0.14787 0 0 0 0 0.3 0.38 0 0
0 0 0.0753205 0 0 0 0 0 0 0 0
0 0 0.0840336 0 0 0 0 0 0 0 0
0 0 0.098441 0 0 0 0 0 0 0 0
0 0 0.224335 0 0 0 0 0 0 0 0
0 0 0.219905 0 0 0 0 0 0 0 0
0 0 0.184685 0 0 0 0 0 0 0 0
0 0 0.167712 0 0 0 0 0 0 0 0
0 0 0.16877 0 0 0 0 0 0 0 0
0 0 0.170673 0 0 0 0 0 0 0 0
0 0 0.143396 0 0 0 0 0 0 0 0
0 0 0.180608 0 0 0 0 0 0 0 0
0 0 0.108618 0 0 0 0 0 0 0 0
0 0 0.190852 0 0 0 0 0 0 0 0
0 0 0.238019 0 0 0 0 0 0 0 0
0 0 0.218944 0 0 0 0 0 0 0 0
0 0 0.339143 0 0 0 0 0 0 0 0
0 0 0.205592 0 0 0 0 0 0 0 0
0 0 0.208877 0 0 0 0 0 0 0 0
0 0 0.289934 0 0 0 0 0 0 0 0
0 0 0.18775 0 0 0 0 0 0 0 0
0 0 0.211285 0 0 0 0 0 0 0 0
0 0 0.192568 0 0 0 0 0 0 0 0
1 1 0.183486 0 0 0 0 0.3 0.38 0 0
1 1 0.14787 0 0 0 0 0.3 0.38 0 0
0 0 0.0753205 0 0 0 0 0 0 0 0
0 0 0.0840336 0 0 0 0 0 0 0 0
0 0 0.098441 0 0 0 0 0 0 0 0
0 0 0.224335 0 0 0 0 0 0 0 0
0 0 0.219905 0 0 0 0 0 0 0 0
0 0 0.181818 0 0 0 0 0 0 0 0
0 0 0.167712 0 0 0 0 0 0 0 0
0 0 0.16877 0 0 0 0 0 0 0 0
0 0 0.170673 0 0 0 0 0 0 0 0
0 0 0.143396 0 0 0 0 0 0 0 0
0 0 0.180608 0 0 0 0 0 0 0 0
0 0 0.108618 0 0 0 0 0 0 0 0
0 0 0.190852 0 0 0 0 0 0 0 0
0 0 0.238019 0 0 0 0 0 0 0 0
0 0 0.218944 0 0 0 0 0 0 0 0
0 0 0.339143 0 0 0 0 0 0 0 0
0 0 0.205592 0 0 0 0 0 0 0 0
0 0 0.208877 0 0 0 0 0 0 0 0
0 0 0.289934 0 0 0 0 0 0 0 0
0 0 0.189081 0 0 0 0 0 0 0 0
0 0 0.211285 0 0 0 0 0 0 0 0
0 0 0.192915 0 0 0 0 0 0 0 0
1 1 0.183486 0 0 0 0 0.3 0.38 0 0
1 1 0.14787 0 0 0 0 0.3 0.38 0 0
0 0 0.0753205 0 0 0 0 0 0 0 0
0 0 0.0840336 0 0 0 0 0 0 0 0
0 0 0.098441 0 0 0 0 0 0 0 0
0 0 0.224335 0 0 0 0 0 0 0 0
0 0 0.219905 0 0 0 0 0 0 0 0
0 0 0.181818 0 0 0 0 0 0 0 0
0 0 0.167712 0 0 0 0 0 0 0 0
0 0 0.16877 0 0 0 0 0 0 0 0
0 0 0.170673 0 0 0 0 0 0 0 0
0 0 0.143396 0 0 0 0 0 0 0 0
0 0 0.180608 0 0 0 0 0 0 0 0
0 0 0.108618 0 0 0 0 0 0 0 0
0 0 0.190852 0 0 0 0 0 0 0 0
0 0 0.238019 0 0 0 0 0 0 0 0
0 0 0.218944 0 0 0 0 0 0 0 0
0 0 0.339143 0 0 0 0 0 0 0 0
0 0 0.205592 0 0 0 0 0 0 0 0
0 0 0.208877 0 0 0 0 0 0 0 0
0 0 0.289934 0 0 0 0 0 0 0 0
0 0 0.18775 0 0 0 0 0 0 0 0
0 0 0.211285 0 0 0 0 0 0 0 0
0 0 0.192394 0 0 0 0 0 0 0 0
1 1 0.183486 0 0 0 0 0.3 0.38 0 0
1 1 0.14787 0 0 0 0 0.3 0.38 0 0
0 0 0.0753205 0 0 0 0 0 0 0 0
0 0 0.0840336 0 0 0 0 0 0 0 0
0 0 0.098441 0 0 0 0 0 0 0 0
0 0 0.224335 0 0 0 0 0 0 0 0
0 0 0.219905 0 0 0 0 0 0 0 0
0 0 0.184685 0 0 0 0 0 0 0 0
0 0 0.167712 0 0 0 0 0 0 0 0
0 0 0.16877 0 0 0 0 0 0 0 0
0 0 0.170673 0 0 0 0 0 0 0 0
0 0 0.143396 0 0 0 0 0 0 0 0
0 0 0.180608 0 0 0 0 0 0 0 0
0 0 0.108618 0 0 0 0 0 0 0 0
0 0 0.190852 0 0 0 0 0 0 0 0
0 0 0.238019 0 0 0 0 0 0 0 0
0 0 0.218944 0 0 0 0 0 0 0 0
0 0 0.339143 0 0 0 0 0 0 0 0
0 0 0.205592 0 0 0 0 0 0 0 0
0 0 0.208877 0 0 0 0 0 0 0 0
0 0 0.289934 0 0 0 0 0 0 0 0
0 0 0.18775 0 0 0 0 0 0 0 0
0 0 0.211285 0 0 0 0 0 0 0 0
0 0 0.192394 0 0 0 0 0 0 0 0
1 1 0.183486 0 0 0 0 0.3 0.38 0 0
1 1 0.14787 0 0 0 0 0.3 0.38 0 0
0 0 0.0753205 0 0 0 0 0 0 0 0
0 0 0.0840336 0 0 0 0 0 0 0 0
0 0 0.098441 0 0 0 0 0 0 0 0
0 0 0.224335 0 0 0 0 0 0 0 0
0 0 0.219905 0 0 0 0 0 0 0 0
0 0 0.181818 0 0 0 0 0 0 0 0
0 0 0.167712 0 0 0 0 0 0 0 0
0 0 0.16877 0 0 0 0 0 0 0 0
0 0 0.170673 0 0 0 0 0 0 0 0
0 0 0.143396 0 0 0 0 0 0 0 0
0 0 0.180608 0 0 0 0 0 0 0 0
0 0 0.108618 0 0 0 0 0 0 0 0
0 0 0.190852 0 0 0 0 0 0 0 0
0 0 0.238019 0 0 0 0 0 0 0 0
0 0 0.218944 0 0 0 0 0 0 0 0
0 0 0.339143 0 0 0 0 0 0 0 0
0 0 0.205592 0 0 0 0 0 0 0 0
0 0 0.208877 0 0 0 0 0 0 0 0
0 0 0.289934 0 0 0 0 0 0 0 0
0 0 0.18775 0 0 0 0 0 0 0 0
0 0 0.211285 0 0 0 0 0 0 0 0
0 0 0.192394 0 0 0 0 0 0 0 0
1 1 0.183486 0 0 0 0 0.3 0.38 0 0
1 1 0.14787 0 0 0 0 0.3 0.38 0 0
0 0 0.0753205 0 0 0 0 0 0 0 0
0 0 0.0840336 0 0 0 0 0 0 0 0
0 0 0.098441 0 0 0 0 0 0 0 0
0 0 0.224335 0 0 0 0 0 0 0 0
0 0 0.219905 0 0 0 0 0 0 0 0
0 0 0.181818 0 0 0 0 0 0 0 0
0 0 0.167712 0 0 0 0 0 0 0 0
0 0 0.16877 0 0 0 0 0 0 0 0
0 0 0.170673 0 0 0 0 0 0 0 0
0 0 0.143396 0 0 0 0 0 0 0 0
0 0 0.180608 0 0 0 0 0 0 0 0
0 0 0.108618 0 0 0 0 0 0 0 0
0 0 0.190852 0 0 0 0 0 0 0 0
0 0 0.238019 0 0 0 0 0 0 0 0
0 0 0.218944 0 0 0 0 0 0 0 0
0 0 0.339143 0 0 0 0 0 0 0 0
0 0 0.205592 0 0 0 0 0 0 0 0
0 0 0.208877 0 0 0 0 0 0 0 0
0 0 0.289934 0 0 0 0 0 0 0 0
0 0 0.18775 0 0 0 0 0 0 0 0
0 0 0.211285 0 0 0 0 0 0 0 0
0 0 0.192394 0 0 0 0 0 0 0 0
1 1 0.183486 0 0 0 0 0.3 0.38 0 0
1 1 0.14787 0 0 0 0 0.3 0.38 0 0
0 0 0.0753205 0 0 0 0 0 0 0 0
0 0 0.0840336 0 0 0 0 0 0 0 0
0 0 0.098441 0 0 0 0 0 0 0 0
0 0 0.224335 0 0 0 0 0 0 0 0
0 0 0.219905 0 0 0 0 0 0 0 0
0 0 0.181818 0 0 0 0 0 0 0 0
0 0 0.167712 0 0 0 0 0 0 0 0
0 0 0.16877 0 0 0 0 0 0 0 0
0 0 0.170673 0 0 0 0 0 0 0 0
0 0 0.143396 0 0 0 0 0 0 0 0
0 0 0.180608 0 0 0 0 0 0 0 0
0 0 0.108618 0 0 0 0 0 0 0 0
0 0 0.190852 0 0 0 0 0 0 0 0
0 0 0.238019 0 0 0 0 0 0 0 0
0 0 0.218944 0 0 0 0 0 0 0 0
0 0 0.339143 0 0 0 0 0 0 0 0
0 0 0.205592 0 0 0 0 0 0 0 0
0 0 0.208877 0 0 0 0 0 0 0 0
0 0 0.289934 0 0 0 0 0 0 0 0
0 0 0.188415 0 0 0 0 0 0 0 0
0 0 0.211285 0 0 0 0 0 0 0 0
0 0 0.192742 0 0 0 0 0 0 0 0
1 1 0.183486 0 0 0 0 0.3 0.38 0 0
1 1 0.14787 0 0 0 0 0.3 0.38 0 0
0 0 0.0753205 0 0 0 0 0 0 0 0
0 0 0.0840336 0 0 0 0 0 0 0 0
0 0 0.098441 0 0 0 0 0 0 0 0
0 0 0.224335 0 0 0 0 0 0 0 0
0 0 0.219905 0 0 0 0 0 0 0 0
0 0 0.181818 0 0 0 0 0 0 0 0
0 0 0.167712 0 0 0 0 0 0 0 0
0 0 0.16877 0 0 0 0 0 0 0 0
0 0 0.170673 0 0 0 0 0 0 0 0
0 0 0.143396 0 0 0 0 0 0 0 0
0 0 0.180608 0 0 0 0 0 0 0 0
0 0 0.108618 0 0 0 0 0 0 0 0
0 0 0.190852 0 0 0 0 0 0 0 0
0 0 0.238019 0 0 0 0 0 0 0 0
0 0 0.218944 0 0 0 0 0 0 0 0
0 0 0.339143 0 0 0 0 0 0 0 0
0 0 0.205592 0 0 0 0 0 0 0 0
0 0 0.208877 0 0 0 0 0 0 0 0
0 0 0.289934 0 0 0 0 0 0 0 0
0 0 0.189081 0 0 0 0 0 0 0 0
0 0 0.211285 0 0 0 0 0 0 0 0
0 0 0.192568 0 0 0 0 0 0 0 0
1 1 0.183486 0 0 0 0 0.3 0.38 0 0
1 1 0.14787 0 0 0 0 0.3 0.38 0 0
