0 0 0.143831 0 0 0 0 0 0 0 0
0 0 0.143211 0 0 0 0 0 0 0 0
0 0 0.143211 0 0 0 0 0 0 0 0
0 0 0 0 0 0 0 0 0 0 0
0 0 0.20369 0 0 0 0 0 0 0 0
0 0 0.158857 0 0 0 0 0 0 0 0
0 0 0.162471 0 0 0 0 0 0 0 0
1 0 0.193651 0 0 0 0 9.17 5.24 100 0
0 0 0.190418 0 0 0 0 0 0 0 0
0 0 0.0517703 0 0 0 0 0 0 0 0
0 0 0.0521525 0 0 0 0 0 0 0 0
0 0 0.122943 0 0 0 0 0 0 0 0
0 0 0.226573 0 0 0 0 0 0 0 0
0 0 0.25387 0 0 0 0 0 0 0 0
0 0 0.460245 0 0 0 0 0 0 0 0
0 0 0.139078 0 0 0 0 0 0 0 0
0 0 0.166842 0 0 0 0 0 0 0 0
0 0 0.186457 0 0 0 0 0 0 0 0
1 0 0.186992 0 0 0 0 10.03 5.67 37.5 0
1 0 0.189415 0 0 0 0 10.01 5.62 41.67 0
0 0 0 0 0 0 0 0 0 0 0
0 0 0.0978432 0 0 0 0 0 0 0 0
0 0 0.119751 0 0 0 0 0 0 0 0
0 0 0 0 0 0 0 0 0 0 0
1 1 0.112994 0 0 0 0 12.55 7.79 100 0
1 0 0.110803 0 0 0 0 12.22 7.33 100 0
1 0 0.323171 0 0 0 0 13.19 7.33 75 0
0 0 0.118758 0 0 0 0 0 0 0 0
0 0 0.122902 0 0 0 0 0 0 0 0
1 0 0.199336 0 0 0 0 13.08 8.13 100 0
1 0 0.209571 0 0 0 0 13.35 9.11 100 0
0 0 0.149383 0 0 0 0 0 0 0 0
0 0 0.137026 0 0 0 0 0 0 0 0
0 0 0.186829 0 0 0 0 0 0 0 0
0 0 0.219114 0 0 0 0 0 0 0 0
0 0 0.186321 0 0 0 0 0 0 0 0
0 0 0 0 0 0 0 0 0 0 0
0 0 0.0613079 0 0 0 0 0 0 0 0
0 0 0.150611 0 0 0 0 0 0 0 0
0 0 0.126316 0 0 0 0 0 0 0 0
0 0 0.216149 0 0 0 0 0 0 0 0
0 0 0.0463152 0 0 0 0 0 0 0 0
0 0 0.251888 0 0 0 0 0 0 0 0
0 0 0.269384 0 0 0 0 0 0 0 0
0 0 0.203046 0 0 0 0 0 0 0 0
0 0 0.172233 0 0 0 0 0 0 0 0
0 0 0.164782 0 0 0 0 0 0 0 0
0 0 0.172016 0 0 0 0 0 0 0 0
0 0 0.142268 0 0 0 0 0 0 0 0
0 0 0.11828 0 0 0 0 0 0 0 0
0 0 0.191646 0 0 0 0 0 0 0 0
0 0 0.191646 0 0 0 0 0 0 0 0
0 0 0.184158 0 0 0 0 0 0 0 0
0 0 0.211221 0 0 0 0 0 0 0 0
0 0 0.152006 0 0 0 0 0 0 0 0
0 0 0.141463 0 0 0 0 0 0 0 0
0 0 0.104545 0 0 0 0 0 0 0 0
0 0 0.195138 0 0 0 0 0 0 0 0
0 0 0.0847161 0 0 0 0 0 0 0 0
0 0 0.165919 0 0 0 0 0 0 0 0
0 0 0.177326 0 0 0 0 0 0 0 0
0 0 0.182081 0 0 0 0 0 0 0 0
0 0 0.146628 0 0 0 0 0 0 0 0
0 0 0.143695 0 0 0 0 0 0 0 0
0 0 0.114943 0 0 0 0 0 0 0 0
0 0 0.0994152 0 0 0 0 0 0 0 0
0 0 0.265421 0 0 0 0 0 0 0 0
0 0 0.152047 0 0 0 0 0 0 0 0
0 0 0.17221 0 0 0 0 0 0 0 0
0 0 0.226087 0 0 0 0 0 0 0 0
0 0 0.204348 0 0 0 0 0 0 0 0
0 0 0.184433 0 0 0 0 0 0 0 0
0 0 0.191111 0 0 0 0 0 0 0 0
0 0 0.16623 0 0 0 0 0 0 0 0
0 0 0.204604 0 0 0 0 0 0 0 0
0 0 0.217687 0 0 0 0 0 0 0 0
0 0 0.218182 0 0 0 0 0 0 0 0
0 0 0.159162 0 0 0 0 0 0 0 0
0 0 0.189003 0 0 0 0 0 0 0 0
0 0 0.194805 0 0 0 0 0 0 0 0
0 0 0.202265 0 0 0 0 0 0 0 0
0 0 0.15404 0 0 0 0 0 0 0 0
0 0 0.162548 0 0 0 0 0 0 0 0
0 0 0.0463152 0 0 0 0 0 0 0 0
0 0 0.275771 0 0 0 0 0 0 0 0
0 0 0.238569 0 0 0 0 0 0 0 0
0 0 0.269384 0 0 0 0 0 0 0 0
0 0 0.203046 0 0 0 0 0 0 0 0
0 0 0.172233 0 0 0 0 0 0 0 0
0 0 0.164459 0 0 0 0 0 0 0 0
0 0 0.172428 0 0 0 0 0 0 0 0
0 0 0.142268 0 0 0 0 0 0 0 0
0 0 0.11828 0 0 0 0 0 0 0 0
0 0 0.191646 0 0 0 0 0 0 0 0
0 0 0.191646 0 0 0 0 0 0 0 0
0 0 0.184158 0 0 0 0 0 0 0 0
0 0 0.211221 0 0 0 0 0 0 0 0
0 0 0.152006 0 0 0 0 0 0 0 0
0 0 0.141463 0 0 0 0 0 0 0 0
0 0 0.104545 0 0 0 0 0 0 0 0
0 0 0.194939 0 0 0 0 0 0 0 0
0 0 0.0847161 0 0 0 0 0 0 0 0
0 0 0.165919 0 0 0 0 0 0 0 0
0 0 0.177326 0 0 0 0 0 0 0 0
0 0 0.182081 0 0 0 0 0 0 0 0
0 0 0.146628 0 0 0 0 0 0 0 0
0 0 0.143695 0 0 0 0 0 0 0 0
0 0 0.114943 0 0 0 0 0 0 0 0
0 0 0.0994152 0 0 0 0 0 0 0 0
0 0 0.265421 0 0 0 0 0 0 0 0
0 0 0.152047 0 0 0 0 0 0 0 0
0 0 0.17221 0 0 0 0 0 0 0 0
0 0 0.226087 0 0 0 0 0 0 0 0
0 0 0.204348 0 0 0 0 0 0 0 0
0 0 0.184433 0 0 0 0 0 0 0 0
0 0 0.191111 0 0 0 0 0 0 0 0
0 0 0.16623 0 0 0 0 0 0 0 0
0 0 0.204604 0 0 0 0 0 0 0 0
0 0 0.217687 0 0 0 0 0 0 0 0
0 0 0.218182 0 0 0 0 0 0 0 0
0 0 0.159162 0 0 0 0 0 0 0 0
0 0 0.189003 0 0 0 0 0 0 0 0
0 0 0.194805 0 0 0 0 0 0 0 0
0 0 0.202265 0 0 0 0 0 0 0 0
0 0 0.15404 0 0 0 0 0 0 0 0
0 0 0.162928 0 0 0 0 0 0 0 0
0 0 0 0 0 0 0 0 0 0 0
0 0 0.110366 0 0 0 0 0 0 0 0
1 1 0.289931 0 0 0 0 13.35 8.79 0 0
0 0 0.221649 0 0 0 0 0 0 0 0
0 0 0.193656 0 0 0 0 0 0 0 0
1 0 0.141907 0 0 0 0 14.62 9.01 100 0
0 0 0.177112 0 0 0 0 0 0 0 0
0 0 0.212585 0 0 0 0 0 0 0 0
0 0 0.250996 0 0 0 0 0 0 0 0
0 0 0.110465 0 0 0 0 0 0 0 0
0 0 0.237179 0 0 0 0 0 0 0 0
0 0 0.258503 0 0 0 0 0 0 0 0
0 0 0.243553 0 0 0 0 0 0 0 0
1 0 0.150376 0 0 0 0 15.13 9.98 100 0
0 0 0.171416 0 0 0 0 0 0 0 0
0 0 0.174052 0 0 0 0 0 0 0 0
0 0 0.0576549 0 0 0 0 0 0 0 0
0 0 0.10313 0 0 0 0 0 0 0 0
0 0 0.156853 0 0 0 0 0 0 0 0
1 1 0.180769 0 0 0 0 14.99 9.82 100 0
0 0 0.18408 0 0 0 0 0 0 0 0
0 0 0.234088 0 0 0 0 0 0 0 0
0 0 0.187811 0 0 0 0 0 0 0 0
0 0 0.20756 0 0 0 0 0 0 0 0
0 0 0.0783353 0 0 0 0 0 0 0 0
1 1 0.188377 0 0 0 0 13.38 8.19 0 0
0 0 0.116541 0 0 0 0 0 0 0 0
0 0 0.100694 0 0 0 0 0 0 0 0
0 0 0.216769 0 0 0 0 0 0 0 0
0 0 0.101343 0 0 0 0 0 0 0 0
0 0 0.0962272 0 0 0 0 0 0 0 0
0 0 0.179871 0 0 0 0 0 0 0 0
1 1 0.188377 0 0 0 0 13.38 8.19 0 0
0 0 0.117293 0 0 0 0 0 0 0 0
0 0 0.100694 0 0 0 0 0 0 0 0
0 0 0.216769 0 0 0 0 0 0 0 0
0 0 0.101343 0 0 0 0 0 0 0 0
0 0 0.0962272 0 0 0 0 0 0 0 0
0 0 0.179871 0 0 0 0 0 0 0 0
1 1 0.188377 0 0 0 0 13.38 8.19 0 0
0 0 0.117293 0 0 0 0 0 0 0 0
0 0 0.100694 0 0 0 0 0 0 0 0
0 0 0.216769 0 0 0 0 0 0 0 0
0 0 0.101343 0 0 0 0 0 0 0 0
0 0 0.0962272 0 0 0 0 0 0 0 0
0 0 0.179871 0 0 0 0 0 0 0 0
1 1 0.188377 0 0 0 0 13.38 8.19 0 0
0 0 0.117293 0 0 0 0 0 0 0 0
0 0 0.100694 0 0 0 0 0 0 0 0
0 0 0.216769 0 0 0 0 0 0 0 0
0 0 0.101343 0 0 0 0 0 0 0 0
0 0 0.0962272 0 0 0 0 0 0 0 0
0 0 0.179871 0 0 0 0 0 0 0 0
1 1 0.188377 0 0 0 0 13.38 8.19 0 0
0 0 0.118045 0 0 0 0 0 0 0 0
0 0 0.100694 0 0 0 0 0 0 0 0
0 0 0.216769 0 0 0 0 0 0 0 0
0 0 0.101343 0 0 0 0 0 0 0 0
0 0 0.0962272 0 0 0 0 0 0 0 0
0 0 0.179871 0 0 0 0 0 0 0 0
0 0 0 0 0 0 0 0 0 0 0
0 0 0.25066 0 0 0 0 0 0 0 0
0 0 0.130564 0 0 0 0 0 0 0 0
0 0 0.265121 0 0 0 0 0 0 0 0
0 0 0.172009 0 0 0 0 0 0 0 0
0 0 0.205607 0 0 0 0 0 0 0 0
0 0 0.105752 0 0 0 0 0 0 0 0
0 0 0.0698413 0 0 0 0 0 0 0 0
0 0 0.1766 0 0 0 0 0 0 0 0
0 0 0.205977 0 0 0 0 0 0 0 0
0 0 0.179113 0 0 0 0 0 0 0 0
0 0 0 0 0 0 0 0 0 0 0
0 0 0 0 0 0 0 0 0 0 0
0 0 0.0995025 0 0 0 0 0 0 0 0
0 0 0.0759313 0 0 0 0 0 0 0 0
0 0 0.0863454 0 0 0 0 0 0 0 0
0 0 0.0723404 0 0 0 0 0 0 0 0
0 0 0.066807 0 0 0 0 0 0 0 0
0 0 0.189895 0 0 0 0 0 0 0 0
0 0 0.229804 0 0 0 0 0 0 0 0
0 0 0.0938897 0 0 0 0 0 0 0 0
0 0 0.233333 0 0 0 0 0 0 0 0
0 0 0 0 0 0 0 0 0 0 0
1 0 0.230476 0 0 0 0 10.1 6.56 100 0
0 0 0.149141 0 0 0 0 0 0 0 0
0 0 0.257911 0 0 0 0 0 0 0 0
0 0 0.198128 0 0 0 0 0 0 0 0
1 1 0.157274 0 0 0 0 9.52 5.38 0 0
0 0 0.0661355 0 0 0 0 0 0 0 0
0 0 0.241026 0 0 0 0 0 0 0 0
0 0 0.206258 0 0 0 0 0 0 0 0
0 0 0.156238 0 0 0 0 0 0 0 0
0 0 0.200328 0 0 0 0 0 0 0 0
0 0 0.346734 0 0 0 0 0 0 0 0
0 0 0.246324 0 0 0 0 0 0 0 0
0 0 0.236531 0 0 0 0 0 0 0 0
0 0 0.212824 0 0 0 0 0 0 0 0
0 0 0.151125 0 0 0 0 0 0 0 0
0 0 0.150217 0 0 0 0 0 0 0 0
0 0 0.22294 0 0 0 0 0 0 0 0
0 0 0.171937 0 0 0 0 0 0 0 0
0 0 0.173228 0 0 0 0 0 0 0 0
0 0 0.250844 0 0 0 0 0 0 0 0
0 0 0.151753 0 0 0 0 0 0 0 0
1 0 0.155779 0 0 0 0 13.72 8.47 350 0
0 0 0.179589 0 0 0 0 0 0 0 0
0 0 0.173913 0 0 0 0 0 0 0 0
0 0 0.28169 0 0 0 0 0 0 0 0
1 1 0.235054 0 0 0 0 10.87 6.73 100 0
0 0 0.121007 0 0 0 0 0 0 0 0
1 0 0.172414 0 0 0 0 10.34 5.85 90.91 0
0 0 0.17995 0 0 0 0 0 0 0 0
0 0 0.173913 0 0 0 0 0 0 0 0
0 0 0.28169 0 0 0 0 0 0 0 0
1 1 0.235054 0 0 0 0 10.87 6.73 100 0
0 0 0.120039 0 0 0 0 0 0 0 0
1 0 0.172414 0 0 0 0 10.34 5.85 90.91 0
0 0 0.180043 0 0 0 0 0 0 0 0
0 0 0.173913 0 0 0 0 0 0 0 0
0 0 0.28169 0 0 0 0 0 0 0 0
1 1 0.235054 0 0 0 0 10.87 6.73 100 0
0 0 0.120039 0 0 0 0 0 0 0 0
1 0 0.172414 0 0 0 0 10.34 5.85 90.91 0
0 0 0.144458 0 0 0 0 0 0 0 0
0 0 0.15142 0 0 0 0 0 0 0 0
0 0 0.144458 0 0 0 0 0 0 0 0
0 0 0.15142 0 0 0 0 0 0 0 0
0 0 0.125351 0 0 0 0 0 0 0 0
0 0 0.227975 0 0 0 0 0 0 0 0
0 0 0 0 0 0 0 0 0 0 0
0 0 0 0 0 0 0 0 0 0 0
0 0 0 0 0 0 0 0 0 0 0
0 0 0.191268 0 0 0 0 0 0 0 0
0 0 0.160218 0 0 0 0 0 0 0 0
0 0 0.0710349 0 0 0 0 0 0 0 0
0 0 0.0184282 0 0 0 0 0 0 0 0
0 0 0.276051 0 0 0 0 0 0 0 0
0 0 0.146269 0 0 0 0 0 0 0 0
0 0 0.090955 0 0 0 0 0 0 0 0
0 0 0.136455 0 0 0 0 0 0 0 0
0 0 0.0948757 0 0 0 0 0 0 0 0
0 0 0.191436 0 0 0 0 0 0 0 0
0 0 0.141199 0 0 0 0 0 0 0 0
0 0 0 0 0 0 0 0 0 0 0
0 0 0 0 0 0 0 0 0 0 0
0 0 0 0 0 0 0 0 0 0 0
0 0 0.166069 0 0 0 0 0 0 0 0
0 0 0.252572 0 0 0 0 0 0 0 0
0 0 0.291939 0 0 0 0 0 0 0 0
0 0 0.340016 0 0 0 0 0 0 0 0
0 0 0.369467 0 0 0 0 0 0 0 0
0 0 0.399697 0 0 0 0 0 0 0 0
0 0 0.287033 0 0 0 0 0 0 0 0
0 0 0.304497 0 0 0 0 0 0 0 0
0 0 0.274633 0 0 0 0 0 0 0 0
0 0 0.27655 0 0 0 0 0 0 0 0
0 0 0.271802 0 0 0 0 0 0 0 0
0 0 0.303178 0 0 0 0 0 0 0 0
0 0 0.311176 0 0 0 0 0 0 0 0
0 0 0.2787 0 0 0 0 0 0 0 0
0 0 0.413636 0 0 0 0 0 0 0 0
0 0 0.291131 0 0 0 0 0 0 0 0
0 0 0.279732 0 0 0 0 0 0 0 0
0 0 0.272922 0 0 0 0 0 0 0 0
0 0 0.294475 0 0 0 0 0 0 0 0
0 0 0.288811 0 0 0 0 0 0 0 0
0 0 0.273948 0 0 0 0 0 0 0 0
0 0 0.0185797 0 0 0 0 0 0 0 0
0 0 0.276051 0 0 0 0 0 0 0 0
0 0 0.146269 0 0 0 0 0 0 0 0
0 0 0.0908288 0 0 0 0 0 0 0 0
0 0 0.136455 0 0 0 0 0 0 0 0
0 0 0.0947066 0 0 0 0 0 0 0 0
0 0 0.225947 0 0 0 0 0 0 0 0
0 0 0.0983213 0 0 0 0 0 0 0 0
0 0 0.39228 0 0 0 0 0 0 0 0
0 0 0 0 0 0 0 0 0 0 0
0 0 0 0 0 0 0 0 0 0 0
0 0 0 0 0 0 0 0 0 0 0
0 0 0 0 0 0 0 0 0 0 0
0 0 0 0 0 0 0 0 0 0 0
0 0 0.0910628 0 0 0 0 0 0 0 0
0 0 0.0947066 0 0 0 0 0 0 0 0
0 0 0.249807 0 0 0 0 0 0 0 0
0 0 0.0887883 0 0 0 0 0 0 0 0
0 0 0.244264 0 0 0 0 0 0 0 0
0 0 0.190202 0 0 0 0 0 0 0 0
0 0 0.220032 0 0 0 0 0 0 0 0
0 0 0.258525 0 0 0 0 0 0 0 0
0 0 0.25481 0 0 0 0 0 0 0 0
0 0 0.244993 0 0 0 0 0 0 0 0
0 0 0.207862 0 0 0 0 0 0 0 0
0 0 0.158333 0 0 0 0 0 0 0 0
0 0 0.166966 0 0 0 0 0 0 0 0
0 0 0.227701 0 0 0 0 0 0 0 0
0 0 0.142764 0 0 0 0 0 0 0 0
0 0 0.158333 0 0 0 0 0 0 0 0
0 0 0.166966 0 0 0 0 0 0 0 0
0 0 0.152174 0 0 0 0 0 0 0 0
0 0 0.181375 0 0 0 0 0 0 0 0
0 0 0.202814 0 0 0 0 0 0 0 0
0 0 0.228404 0 0 0 0 0 0 0 0
0 0 0.227557 0 0 0 0 0 0 0 0
0 0 0.22608 0 0 0 0 0 0 0 0
0 0 0.228335 0 0 0 0 0 0 0 0
0 0 0.225096 0 0 0 0 0 0 0 0
0 0 0.215678 0 0 0 0 0 0 0 0
0 0 0.226425 0 0 0 0 0 0 0 0
0 0 0.158333 0 0 0 0 0 0 0 0
0 0 0.166966 0 0 0 0 0 0 0 0
0 0 0.152174 0 0 0 0 0 0 0 0
0 0 0.209365 0 0 0 0 0 0 0 0
0 0 0.141825 0 0 0 0 0 0 0 0
0 0 0.209957 0 0 0 0 0 0 0 0
0 0 0 0 0 0 0 0 0 0 0
0 0 0 0 0 0 0 0 0 0 0
0 0 0 0 0 0 0 0 0 0 0
0 0 0 0 0 0 0 0 0 0 0
1 0 0.21875 0 0 0 0 8.35 5.3 100 0
0 0 0 0 0 0 0 0 0 0 0
0 0 0 0 0 0 0 0 0 0 0
0 0 0 0 0 0 0 0 0 0 0
0 0 0.129032 0 0 0 0 0 0 0 0
0 0 0.247706 0 0 0 0 0 0 0 0
0 0 0 0 0 0 0 0 0 0 0
0 0 0.208874 0 0 0 0 0 0 0 0
0 0 0 0 0 0 0 0 0 0 0
0 0 0 0 0 0 0 0 0 0 0
0 0 0 0 0 0 0 0 0 0 0
0 0 0 0 0 0 0 0 0 0 0
0 0 0.17883 0 0 0 0 0 0 0 0
0 0 0.207605 0 0 0 0 0 0 0 0
0 0 0 0 0 0 0 0 0 0 0
0 0 0 0 0 0 0 0 0 0 0
0 0 0.107184 0 0 0 0 0 0 0 0
0 0 0 0 0 0 0 0 0 0 0
0 0 0.188009 0 0 0 0 0 0 0 0
0 0 0.22335 0 0 0 0 0 0 0 0
0 0 0.211039 0 0 0 0 0 0 0 0
0 0 0 0 0 0 0 0 0 0 0
0 0 0.0825181 0 0 0 0 0 0 0 0
0 0 0.154082 0 0 0 0 0 0 0 0
0 0 0 0 0 0 0 0 0 0 0
0 0 0 0 0 0 0 0 0 0 0
0 0 0 0 0 0 0 0 0 0 0
0 0 0.179487 0 0 0 0 0 0 0 0
0 0 0.205927 0 0 0 0 0 0 0 0
1 0 0.269231 0 0 0 0 13.32 9.54 100 0
0 0 0.208874 0 0 0 0 0 0 0 0
0 0 0 0 0 0 0 0 0 0 0
0 0 0 0 0 0 0 0 0 0 0
0 0 0 0 0 0 0 0 0 0 0
0 0 0 0 0 0 0 0 0 0 0
0 0 0.161378 0 0 0 0 0 0 0 0
0 0 0.215429 0 0 0 0 0 0 0 0
0 0 0 0 0 0 0 0 0 0 0
0 0 0 0 0 0 0 0 0 0 0
0 0 0.231003 0 0 0 0 0 0 0 0
0 0 0 0 0 0 0 0 0 0 0
0 0 0.108929 0 0 0 0 0 0 0 0
0 0 0.105995 0 0 0 0 0 0 0 0
0 0 0.108929 0 0 0 0 0 0 0 0
0 0 0.105126 0 0 0 0 0 0 0 0
0 0 0.0862178 0 0 0 0 0 0 0 0
0 0 0.105995 0 0 0 0 0 0 0 0
0 0 0.105811 0 0 0 0 0 0 0 0
0 0 0.108036 0 0 0 0 0 0 0 0
0 0 0.105811 0 0 0 0 0 0 0 0
0 0 0.105995 0 0 0 0 0 0 0 0
0 0 0.104944 0 0 0 0 0 0 0 0
0 0 0.0969609 0 0 0 0 0 0 0 0
0 0 0.0942998 0 0 0 0 0 0 0 0
0 0 0.0976845 0 0 0 0 0 0 0 0
0 0 0.0942998 0 0 0 0 0 0 0 0
0 0 0.0745205 0 0 0 0 0 0 0 0
0 0 0.0942998 0 0 0 0 0 0 0 0
0 0 0.0941672 0 0 0 0 0 0 0 0
0 0 0.0969609 0 0 0 0 0 0 0 0
0 0 0.0941672 0 0 0 0 0 0 0 0
0 0 0.0942998 0 0 0 0 0 0 0 0
0 0 0.0941672 0 0 0 0 0 0 0 0
0 0 0.144501 0 0 0 0 0 0 0 0
0 0 0.101695 0 0 0 0 0 0 0 0
0 0 0.211282 0 0 0 0 0 0 0 0
0 0 0.164546 0 0 0 0 0 0 0 0
0 0 0.110288 0 0 0 0 0 0 0 0
0 0 0.101288 0 0 0 0 0 0 0 0
0 0 0.211904 0 0 0 0 0 0 0 0
0 0 0.164546 0 0 0 0 0 0 0 0
0 0 0.0696903 0 0 0 0 0 0 0 0
0 0 0.255387 0 0 0 0 0 0 0 0
0 0 0.145704 0 0 0 0 0 0 0 0
0 0 0.257713 0 0 0 0 0 0 0 0
0 0 0.260963 0 0 0 0 0 0 0 0
0 0 0.241007 0 0 0 0 0 0 0 0
0 0 0.221439 0 0 0 0 0 0 0 0
0 0 0.221178 0 0 0 0 0 0 0 0
0 0 0.185012 0 0 0 0 0 0 0 0
0 0 0.218709 0 0 0 0 0 0 0 0
0 0 0.126899 0 0 0 0 0 0 0 0
0 0 0.130597 0 0 0 0 0 0 0 0
0 0 0.151178 0 0 0 0 0 0 0 0
0 0 0.21327 0 0 0 0 0 0 0 0
0 0 0.183696 0 0 0 0 0 0 0 0
0 0 0.216216 0 0 0 0 0 0 0 0
0 0 0.241007 0 0 0 0 0 0 0 0
0 0 0.288813 0 0 0 0 0 0 0 0
0 0 0.321126 0 0 0 0 0 0 0 0
0 0 0.28567 0 0 0 0 0 0 0 0
0 0 0.319241 0 0 0 0 0 0 0 0
0 0 0.284309 0 0 0 0 0 0 0 0
0 0 0.25345 0 0 0 0 0 0 0 0
0 0 0.260504 0 0 0 0 0 0 0 0
0 0 0.226282 0 0 0 0 0 0 0 0
0 0 0.275591 0 0 0 0 0 0 0 0
0 0 0.26445 0 0 0 0 0 0 0 0
0 0 0.263169 0 0 0 0 0 0 0 0
0 0 0.303957 0 0 0 0 0 0 0 0
0 0 0.221439 0 0 0 0 0 0 0 0
0 0 0.221178 0 0 0 0 0 0 0 0
0 0 0.18548 0 0 0 0 0 0 0 0
0 0 0.218709 0 0 0 0 0 0 0 0
0 0 0.126899 0 0 0 0 0 0 0 0
0 0 0.130597 0 0 0 0 0 0 0 0
0 0 0.15063 0 0 0 0 0 0 0 0
0 0 0.214218 0 0 0 0 0 0 0 0
0 0 0.184065 0 0 0 0 0 0 0 0
0 0 0.215113 0 0 0 0 0 0 0 0
0 0 0.241007 0 0 0 0 0 0 0 0
0 0 0.221439 0 0 0 0 0 0 0 0
0 0 0.221178 0 0 0 0 0 0 0 0
0 0 0.185012 0 0 0 0 0 0 0 0
0 0 0.218709 0 0 0 0 0 0 0 0
0 0 0.126899 0 0 0 0 0 0 0 0
0 0 0.130597 0 0 0 0 0 0 0 0
0 0 0.150995 0 0 0 0 0 0 0 0
0 0 0.214218 0 0 0 0 0 0 0 0
0 0 0.184065 0 0 0 0 0 0 0 0
0 0 0.215113 0 0 0 0 0 0 0 0
0 0 0.241007 0 0 0 0 0 0 0 0
0 0 0.241007 0 0 0 0 0 0 0 0
0 0 0.241007 0 0 0 0 0 0 0 0
0 0 0.15 0 0 0 0 0 0 0 0
0 0 0.144385 0 0 0 0 0 0 0 0
0 0 0.197333 0 0 0 0 0 0 0 0
0 0 0.117867 0 0 0 0 0 0 0 0
0 0 0 0 0 0 0 0 0 0 0
0 0 0.0883978 0 0 0 0 0 0 0 0
0 0 0 0 0 0 0 0 0 0 0
0 0 0 0 0 0 0 0 0 0 0
0 0 0.156307 0 0 0 0 0 0 0 0
0 0 0.130909 0 0 0 0 0 0 0 0
0 0 0.139143 0 0 0 0 0 0 0 0
0 0 0.100433 0 0 0 0 0 0 0 0
0 0 0 0 0 0 0 0 0 0 0
0 0 0.206963 0 0 0 0 0 0 0 0
0 0 0.203518 0 0 0 0 0 0 0 0
0 0 0 0 0 0 0 0 0 0 0
0 0 0.191228 0 0 0 0 0 0 0 0
1 0 0.112299 0 0 0 0 0 0 0 0
1 0 0.121693 0 0 0 0 0 0 0 0
1 0 0.1477 0 0 0 0 0 0 0 0
1 0 0.191638 0 0 0 0 0 0 0 0
0 0 0.0181673 0 0 0 0 0 0 0 0
0 0 0.0717949 0 0 0 0 0 0 0 0
0 0 0.160256 0 0 0 0 0 0 0 0
0 0 0.161172 0 0 0 0 0 0 0 0
0 0 0.17608 0 0 0 0 0 0 0 0
0 0 0.211009 0 0 0 0 0 0 0 0
0 0 0.136663 0 0 0 0 0 0 0 0
0 0 0.159091 0 0 0 0 0 0 0 0
0 0 0.197977 0 0 0 0 0 0 0 0
0 0 0.148853 0 0 0 0 0 0 0 0
0 0 0.248223 0 0 0 0 0 0 0 0
0 0 0.169745 0 0 0 0 0 0 0 0
0 0 0.137392 0 0 0 0 0 0 0 0
0 0 0.146248 0 0 0 0 0 0 0 0
0 0 0.311346 0 0 0 0 0 0 0 0
0 0 0.220537 0 0 0 0 0 0 0 0
0 0 0.199735 0 0 0 0 0 0 0 0
0 0 0.28803 0 0 0 0 0 0 0 0
0 0 0.197644 0 0 0 0 0 0 0 0
0 0 0.162257 0 0 0 0 0 0 0 0
0 0 0.170051 0 0 0 0 0 0 0 0
0 0 0.105263 0 0 0 0 0 0 0 0
0 0 0.155133 0 0 0 0 0 0 0 0
0 0 0.152475 0 0 0 0 0 0 0 0
0 0 0.0929567 0 0 0 0 0 0 0 0
0 0 0.143646 0 0 0 0 0 0 0 0
0 0 0 0 0 0 0 0 0 0 0
0 0 0.218679 0 0 0 0 0 0 0 0
0 0 0.269318 0 0 0 0 0 0 0 0
0 0 0.289256 0 0 0 0 0 0 0 0
0 0 0.487023 0 0 0 0 0 0 0 0
0 0 0.225197 0 0 0 0 0 0 0 0
0 0 0.435326 0 0 0 0 0 0 0 0
0 0 0.512337 0 0 0 0 0 0 0 0
0 0 0.499253 0 0 0 0 0 0 0 0
0 0 0.0942517 0 0 0 0 0 0 0 0
0 0 0.217069 0 0 0 0 0 0 0 0
0 0 0.149099 0 0 0 0 0 0 0 0
0 0 0.149954 0 0 0 0 0 0 0 0
0 0 0.169036 0 0 0 0 0 0 0 0
0 0 0.173252 0 0 0 0 0 0 0 0
0 0 0.121302 0 0 0 0 0 0 0 0
0 0 0.204545 0 0 0 0 0 0 0 0
0 0 0.228044 0 0 0 0 0 0 0 0
0 0 0.24413 0 0 0 0 0 0 0 0
0 0 0.190491 0 0 0 0 0 0 0 0
0 0 0.190227 0 0 0 0 0 0 0 0
0 0 0.204852 0 0 0 0 0 0 0 0
0 0 0.172442 0 0 0 0 0 0 0 0
0 0 0.187735 0 0 0 0 0 0 0 0
0 0 0.167937 0 0 0 0 0 0 0 0
0 0 0.163866 0 0 0 0 0 0 0 0
0 0 0 0 0 0 0 0 0 0 0
0 0 0.166522 0 0 0 0 0 0 0 0
0 0 0.208459 0 0 0 0 0 0 0 0
0 0 0 0 0 0 0 0 0 0 0
0 0 0.188289 0 0 0 0 0 0 0 0
0 0 0.268924 0 0 0 0 0 0 0 0
0 0 0.247934 0 0 0 0 0 0 0 0
0 0 0.174137 0 0 0 0 0 0 0 0
0 0 0.326294 0 0 0 0 0 0 0 0
0 0 0.210159 0 0 0 0 0 0 0 0
0 0 0.123305 0 0 0 0 0 0 0 0
0 0 0.117233 0 0 0 0 0 0 0 0
0 0 0.137037 0 0 0 0 0 0 0 0
0 0 0.139344 0 0 0 0 0 0 0 0
0 0 0.121951 0 0 0 0 0 0 0 0
0 0 0.159046 0 0 0 0 0 0 0 0
0 0 0.178924 0 0 0 0 0 0 0 0
0 0 0.0771794 0 0 0 0 0 0 0 0
0 0 0.0971302 0 0 0 0 0 0 0 0
0 0 0.137037 0 0 0 0 0 0 0 0
0 0 0.139344 0 0 0 0 0 0 0 0
0 0 0.121951 0 0 0 0 0 0 0 0
0 0 0.159046 0 0 0 0 0 0 0 0
0 0 0.178924 0 0 0 0 0 0 0 0
0 0 0.0771794 0 0 0 0 0 0 0 0
0 0 0.0971302 0 0 0 0 0 0 0 0
0 0 0.137037 0 0 0 0 0 0 0 0
0 0 0.139344 0 0 0 0 0 0 0 0
0 0 0.121951 0 0 0 0 0 0 0 0
0 0 0.159046 0 0 0 0 0 0 0 0
0 0 0.178924 0 0 0 0 0 0 0 0
0 0 0.0771794 0 0 0 0 0 0 0 0
0 0 0.0971302 0 0 0 0 0 0 0 0
1 1 0.103448 0 0 0 0 14.69 9.44 100 0
1 1 0.122642 0 0 0 0 14.69 9.44 100 0
1 1 0.110063 0 0 0 0 14.57 9.44 100 0
1 1 0.090625 0 0 0 0 14.59 9.44 100 0
0 0 0.20778 0 0 0 0 0 0 0 0
1 1 0.25964 0 0 0 0 10.69 6.26 28.57 0
0 0 0.023791 0 0 0 0 0 0 0 0
0 0 0.121053 0 0 0 0 0 0 0 0
0 0 0.0709715 0 0 0 0 0 0 0 0
0 0 0.0564103 0 0 0 0 0 0 0 0
0 0 0.134006 0 0 0 0 0 0 0 0
0 0 0.186207 0 0 0 0 0 0 0 0
0 0 0.118639 0 0 0 0 0 0 0 0
1 0 0.483073 0 0 0 0 7.09 3.76 100 0
0 0 0.174716 0 0 0 0 0 0 0 0
0 0 0.103189 0 0 0 0 0 0 0 0
0 0 0.127986 0 0 0 0 0 0 0 0
0 0 0 0 0 0 0 0 0 0 0
0 0 0.114267 0 0 0 0 0 0 0 0
0 0 0.0992736 0 0 0 0 0 0 0 0
0 0 0.167997 0 0 0 0 0 0 0 0
0 0 0.213922 0 0 0 0 0 0 0 0
0 0 0.154335 0 0 0 0 0 0 0 0
0 0 0.194647 0 0 0 0 0 0 0 0
0 0 0.197183 0 0 0 0 0 0 0 0
1 0 0.121622 0 0 0 0 15.75 11.45 100 0
0 0 0.0399919 0 0 0 0 0 0 0 0
0 0 0 0 0 0 0 0 0 0 0
0 0 0.183421 0 0 0 0 0 0 0 0
0 0 0.171833 0 0 0 0 0 0 0 0
0 0 0.119238 0 0 0 0 0 0 0 0
1 1 0.144578 0 0 0 0 6.3 4.88 100 0
0 0 0.214286 0 0 0 0 0 0 0 0
0 0 0.121897 0 0 0 0 0 0 0 0
0 0 0 0 0 0 0 0 0 0 0
0 0 0 0 0 0 0 0 0 0 0
0 0 0.195955 0 0 0 0 0 0 0 0
0 0 0.196947 0 0 0 0 0 0 0 0
0 0 0.213049 0 0 0 0 0 0 0 0
0 0 0.015744 0 0 0 0 0 0 0 0
1 1 0.130177 0 0 0 0 6.22 4.53 100 0
0 0 0.236382 0 0 0 0 0 0 0 0
0 0 0.205556 0 0 0 0 0 0 0 0
1 0 0.190909 0 0 0 0 6.53 4.96 92.31 0
0 0 0.213198 0 0 0 0 0 0 0 0
0 0 0.195233 0 0 0 0 0 0 0 0
0 0 0.115 0 0 0 0 0 0 0 0
0 0 0.149648 0 0 0 0 0 0 0 0
0 0 0 0 0 0 0 0 0 0 0
0 0 0.203441 0 0 0 0 0 0 0 0
0 0 0.157714 0 0 0 0 0 0 0 0
0 0 0.162471 0 0 0 0 0 0 0 0
1 0 0.193651 0 0 0 0 9.16 5.24 100 0
0 0 0.190418 0 0 0 0 0 0 0 0
0 0 0.115905 0 0 0 0 0 0 0 0
0 0 0.152152 0 0 0 0 0 0 0 0
0 0 0.142473 0 0 0 0 0 0 0 0
0 0 0.125448 0 0 0 0 0 0 0 0
0 0 0.180987 0 0 0 0 0 0 0 0
0 0 0.182333 0 0 0 0 0 0 0 0
0 0 0.183908 0 0 0 0 0 0 0 0
0 0 0.183973 0 0 0 0 0 0 0 0
0 0 0.224516 0 0 0 0 0 0 0 0
0 0 0.222365 0 0 0 0 0 0 0 0
0 0 0.112598 0 0 0 0 0 0 0 0
0 0 0.224415 0 0 0 0 0 0 0 0
0 0 0.195122 0 0 0 0 0 0 0 0
0 0 0.20202 0 0 0 0 0 0 0 0
0 0 0.124434 0 0 0 0 0 0 0 0
0 0 0.169772 0 0 0 0 0 0 0 0
0 0 0.21755 0 0 0 0 0 0 0 0
0 0 0.204102 0 0 0 0 0 0 0 0
0 0 0.234183 0 0 0 0 0 0 0 0
0 0 0.227309 0 0 0 0 0 0 0 0
0 0 0.200472 0 0 0 0 0 0 0 0
0 0 0.246801 0 0 0 0 0 0 0 0
0 0 0.206266 0 0 0 0 0 0 0 0
0 0 0.245926 0 0 0 0 0 0 0 0
0 0 0.218807 0 0 0 0 0 0 0 0
0 0 0.141497 0 0 0 0 0 0 0 0
0 0 0.205479 0 0 0 0 0 0 0 0
0 0 0.115905 0 0 0 0 0 0 0 0
0 0 0.152152 0 0 0 0 0 0 0 0
0 0 0.142473 0 0 0 0 0 0 0 0
0 0 0.125448 0 0 0 0 0 0 0 0
0 0 0.180987 0 0 0 0 0 0 0 0
0 0 0.182333 0 0 0 0 0 0 0 0
0 0 0.183908 0 0 0 0 0 0 0 0
0 0 0.183973 0 0 0 0 0 0 0 0
0 0 0.224516 0 0 0 0 0 0 0 0
0 0 0.222365 0 0 0 0 0 0 0 0
0 0 0.113341 0 0 0 0 0 0 0 0
0 0 0.206266 0 0 0 0 0 0 0 0
0 0 0.115905 0 0 0 0 0 0 0 0
0 0 0.152152 0 0 0 0 0 0 0 0
0 0 0.142473 0 0 0 0 0 0 0 0
0 0 0.125448 0 0 0 0 0 0 0 0
0 0 0.180987 0 0 0 0 0 0 0 0
0 0 0.182333 0 0 0 0 0 0 0 0
0 0 0.183908 0 0 0 0 0 0 0 0
0 0 0.183973 0 0 0 0 0 0 0 0
0 0 0.224516 0 0 0 0 0 0 0 0
0 0 0.222365 0 0 0 0 0 0 0 0
0 0 0.112969 0 0 0 0 0 0 0 0
0 0 0.206266 0 0 0 0 0 0 0 0
0 0 0.115905 0 0 0 0 0 0 0 0
0 0 0.152152 0 0 0 0 0 0 0 0
0 0 0.142473 0 0 0 0 0 0 0 0
0 0 0.125448 0 0 0 0 0 0 0 0
0 0 0.180987 0 0 0 0 0 0 0 0
0 0 0.182333 0 0 0 0 0 0 0 0
0 0 0.183908 0 0 0 0 0 0 0 0
0 0 0.183973 0 0 0 0 0 0 0 0
0 0 0.224516 0 0 0 0 0 0 0 0
0 0 0.222365 0 0 0 0 0 0 0 0
0 0 0.112969 0 0 0 0 0 0 0 0
0 0 0.25436 0 0 0 0 0 0 0 0
0 0 0.277465 0 0 0 0 0 0 0 0
0 0 0.253012 0 0 0 0 0 0 0 0
0 0 0.2425 0 0 0 0 0 0 0 0
0 0 0.242531 0 0 0 0 0 0 0 0
0 0 0.23993 0 0 0 0 0 0 0 0
0 0 0.211921 0 0 0 0 0 0 0 0
0 0 0.212871 0 0 0 0 0 0 0 0
0 0 0.247557 0 0 0 0 0 0 0 0
0 0 0.147826 0 0 0 0 0 0 0 0
0 0 0.206266 0 0 0 0 0 0 0 0
0 0 0.115905 0 0 0 0 0 0 0 0
0 0 0.152152 0 0 0 0 0 0 0 0
0 0 0.142473 0 0 0 0 0 0 0 0
0 0 0.125448 0 0 0 0 0 0 0 0
0 0 0.180987 0 0 0 0 0 0 0 0
0 0 0.182333 0 0 0 0 0 0 0 0
0 0 0.183908 0 0 0 0 0 0 0 0
0 0 0.183973 0 0 0 0 0 0 0 0
0 0 0.224516 0 0 0 0 0 0 0 0
0 0 0.222365 0 0 0 0 0 0 0 0
0 0 0.112969 0 0 0 0 0 0 0 0
0 0 0.206266 0 0 0 0 0 0 0 0
0 0 0 0 0 0 0 0 0 0 0
0 0 0 0 0 0 0 0 0 0 0
1 0 0.225806 0 0 0 0 15.29 10.07 100 0
1 1 0.190096 0 0 0 0 13.56 8.16 0 0
0 0 0.107623 0 0 0 0 0 0 0 0
0 0 0.104956 0 0 0 0 0 0 0 0
0 0 0.101744 0 0 0 0 0 0 0 0
0 0 0.119961 0 0 0 0 0 0 0 0
0 0 0.202268 0 0 0 0 0 0 0 0
0 0 0.0800991 0 0 0 0 0 0 0 0
1 1 0.170992 0 0 0 0 15.28 10.26 100 0
0 0 0.0577508 0 0 0 0 0 0 0 0
0 0 0.151057 0 0 0 0 0 0 0 0
1 1 0.1341 0 0 0 0 14.96 9.72 100 0
1 0 0.171388 0 0 0 0 15.31 10.33 100 0
0 0 0.175649 0 0 0 0 0 0 0 0
1 0 0.184339 0 0 0 0 14.87 9.35 100 0
1 1 0.15035 0 0 0 0 15.07 9.81 100 0
0 0 0.0507246 0 0 0 0 0 0 0 0
0 0 0.107362 0 0 0 0 0 0 0 0
0 0 0.127576 0 0 0 0 0 0 0 0
1 1 0.179743 0 0 0 0 4.23 2.24 0 0
0 0 0.161435 0 0 0 0 0 0 0 0
0 0 0.123326 0 0 0 0 0 0 0 0
0 0 0.0725707 0 0 0 0 0 0 0 0
0 0 0.215971 0 0 0 0 0 0 0 0
0 0 0.220615 0 0 0 0 0 0 0 0
0 0 0.172414 0 0 0 0 0 0 0 0
0 0 0.0725707 0 0 0 0 0 0 0 0
0 0 0.215971 0 0 0 0 0 0 0 0
0 0 0.220615 0 0 0 0 0 0 0 0
0 0 0.172414 0 0 0 0 0 0 0 0
0 0 0.0725707 0 0 0 0 0 0 0 0
0 0 0.215971 0 0 0 0 0 0 0 0
0 0 0.220615 0 0 0 0 0 0 0 0
0 0 0.172414 0 0 0 0 0 0 0 0
0 0 0.262662 0 0 0 0 0 0 0 0
0 0 0.262953 0 0 0 0 0 0 0 0
0 0 0.246246 0 0 0 0 0 0 0 0
0 0 0 0 0 0 0 0 0 0 0
0 0 0.0590087 0 0 0 0 0 0 0 0
0 0 0.150123 0 0 0 0 0 0 0 0
0 0 0.189893 0 0 0 0 0 0 0 0
0 0 0.261417 0 0 0 0 0 0 0 0
0 0 0.146468 0 0 0 0 0 0 0 0
0 0 0.148291 0 0 0 0 0 0 0 0
0 0 0.195808 0 0 0 0 0 0 0 0
0 0 0.191732 0 0 0 0 0 0 0 0
0 0 0.200974 0 0 0 0 0 0 0 0
0 0 0.171464 0 0 0 0 0 0 0 0
0 0 0.130699 0 0 0 0 0 0 0 0
0 0 0.119241 0 0 0 0 0 0 0 0
0 0 0.0877743 0 0 0 0 0 0 0 0
0 0 0.0745876 0 0 0 0 0 0 0 0
0 0 0 0 0 0 0 0 0 0 0
0 0 0 0 0 0 0 0 0 0 0
0 0 0 0 0 0 0 0 0 0 0
0 0 0.116531 0 0 0 0 0 0 0 0
0 0 0.119145 0 0 0 0 0 0 0 0
0 0 0.135108 0 0 0 0 0 0 0 0
0 0 0.070228 0 0 0 0 0 0 0 0
0 0 0.172823 0 0 0 0 0 0 0 0
0 0 0.120548 0 0 0 0 0 0 0 0
0 0 0.103976 0 0 0 0 0 0 0 0
0 0 0.130208 0 0 0 0 0 0 0 0
0 0 0.140762 0 0 0 0 0 0 0 0
0 0 0.130564 0 0 0 0 0 0 0 0
0 0 0.316547 0 0 0 0 0 0 0 0
0 0 0.326599 0 0 0 0 0 0 0 0
0 0 0.137037 0 0 0 0 0 0 0 0
0 0 0.139344 0 0 0 0 0 0 0 0
0 0 0.121951 0 0 0 0 0 0 0 0
0 0 0.159046 0 0 0 0 0 0 0 0
0 0 0.178924 0 0 0 0 0 0 0 0
0 0 0.0771794 0 0 0 0 0 0 0 0
0 0 0.0971302 0 0 0 0 0 0 0 0
0 0 0.137037 0 0 0 0 0 0 0 0
0 0 0.139344 0 0 0 0 0 0 0 0
0 0 0.121951 0 0 0 0 0 0 0 0
0 0 0.159046 0 0 0 0 0 0 0 0
0 0 0.178924 0 0 0 0 0 0 0 0
0 0 0.0771794 0 0 0 0 0 0 0 0
0 0 0.0971302 0 0 0 0 0 0 0 0
0 0 0 0 0 0 0 0 0 0 0
0 0 0 0 0 0 0 0 0 0 0
0 0 0.186603 0 0 0 0 0 0 0 0
0 0 0.144501 0 0 0 0 0 0 0 0
0 0 0.100803 0 0 0 0 0 0 0 0
0 0 0.211282 0 0 0 0 0 0 0 0
0 0 0.164546 0 0 0 0 0 0 0 0
0 0 0.109465 0 0 0 0 0 0 0 0
0 0 0.100844 0 0 0 0 0 0 0 0
0 0 0.211904 0 0 0 0 0 0 0 0
0 0 0.164546 0 0 0 0 0 0 0 0
0 0 0.0285137 0 0 0 0 0 0 0 0
0 0 0.075447 0 0 0 0 0 0 0 0
0 0 0.100037 0 0 0 0 0 0 0 0
0 0 0.133501 0 0 0 0 0 0 0 0
0 0 0.139276 0 0 0 0 0 0 0 0
0 0 0.0438454 0 0 0 0 0 0 0 0
0 0 0.0610923 0 0 0 0 0 0 0 0
0 0 0.0773878 0 0 0 0 0 0 0 0
0 0 0.203419 0 0 0 0 0 0 0 0
0 0 0.0757388 0 0 0 0 0 0 0 0
0 0 0.0617541 0 0 0 0 0 0 0 0
0 0 0.156889 0 0 0 0 0 0 0 0
0 0 0.055941 0 0 0 0 0 0 0 0
0 0 0.217202 0 0 0 0 0 0 0 0
0 0 0 0 0 0 0 0 0 0 0
0 0 0 0 0 0 0 0 0 0 0
0 0 0 0 0 0 0 0 0 0 0
0 0 0.212675 0 0 0 0 0 0 0 0
0 0 0 0 0 0 0 0 0 0 0
0 0 0 0 0 0 0 0 0 0 0
0 0 0.0290095 0 0 0 0 0 0 0 0
0 0 0.0885269 0 0 0 0 0 0 0 0
0 0 0.0883392 0 0 0 0 0 0 0 0
0 0 0.143953 0 0 0 0 0 0 0 0
0 0 0.037577 0 0 0 0 0 0 0 0
0 0 0.120141 0 0 0 0 0 0 0 0
0 0 0.0643604 0 0 0 0 0 0 0 0
0 0 0.19598 0 0 0 0 0 0 0 0
0 0 0.174834 0 0 0 0 0 0 0 0
0 0 0.0291432 0 0 0 0 0 0 0 0
0 0 0.162617 0 0 0 0 0 0 0 0
0 0 0.0933677 0 0 0 0 0 0 0 0
0 0 0.191549 0 0 0 0 0 0 0 0
0 0 0.153025 0 0 0 0 0 0 0 0
0 0 0.0753283 0 0 0 0 0 0 0 0
0 0 0.112299 0 0 0 0 0 0 0 0
0 0 0.118068 0 0 0 0 0 0 0 0
0 0 0.136645 0 0 0 0 0 0 0 0
0 0 0.229565 0 0 0 0 0 0 0 0
0 0 0.159341 0 0 0 0 0 0 0 0
0 0 0.185983 0 0 0 0 0 0 0 0
0 0 0.154671 0 0 0 0 0 0 0 0
0 0 0.185133 0 0 0 0 0 0 0 0
0 0 0.118844 0 0 0 0 0 0 0 0
0 0 0.169607 0 0 0 0 0 0 0 0
0 0 0.25897 0 0 0 0 0 0 0 0
0 0 0.179907 0 0 0 0 0 0 0 0
0 0 0.224771 0 0 0 0 0 0 0 0
0 0 0 0 0 0 0 0 0 0 0
0 0 0 0 0 0 0 0 0 0 0
0 0 0.158675 0 0 0 0 0 0 0 0
0 0 0.241568 0 0 0 0 0 0 0 0
0 0 0 0 0 0 0 0 0 0 0
0 0 0.250858 0 0 0 0 0 0 0 0
0 0 0.331276 0 0 0 0 0 0 0 0
0 0 0.103286 0 0 0 0 0 0 0 0
0 0 0.198178 0 0 0 0 0 0 0 0
0 0 0.0679487 0 0 0 0 0 0 0 0
0 0 0.19967 0 0 0 0 0 0 0 0
0 0 0.127193 0 0 0 0 0 0 0 0
0 0 0.174479 0 0 0 0 0 0 0 0
0 0 0.228766 0 0 0 0 0 0 0 0
0 0 0.146453 0 0 0 0 0 0 0 0
0 0 0.0812183 0 0 0 0 0 0 0 0
0 0 0.135616 0 0 0 0 0 0 0 0
0 0 0.146453 0 0 0 0 0 0 0 0
0 0 0.0695027 0 0 0 0 0 0 0 0
0 0 0.123288 0 0 0 0 0 0 0 0
0 0 0.196576 0 0 0 0 0 0 0 0
0 0 0.12128 0 0 0 0 0 0 0 0
0 0 0.24477 0 0 0 0 0 0 0 0
0 0 0.122414 0 0 0 0 0 0 0 0
0 0 0.547929 0 0 0 0 0 0 0 0
0 0 0.282489 0 0 0 0 0 0 0 0
0 0 0.124427 0 0 0 0 0 0 0 0
0 0 0.178082 0 0 0 0 0 0 0 0
0 0 0.184685 0 0 0 0 0 0 0 0
0 0 0.223278 0 0 0 0 0 0 0 0
0 0 0.0786214 0 0 0 0 0 0 0 0
0 0 0.255319 0 0 0 0 0 0 0 0
0 0 0.114554 0 0 0 0 0 0 0 0
0 0 0.160484 0 0 0 0 0 0 0 0
0 0 0.257042 0 0 0 0 0 0 0 0
0 0 0.223278 0 0 0 0 0 0 0 0
0 0 0.0780829 0 0 0 0 0 0 0 0
0 0 0.255319 0 0 0 0 0 0 0 0
0 0 0.21909 0 0 0 0 0 0 0 0
0 0 0.160484 0 0 0 0 0 0 0 0
0 0 0.257042 0 0 0 0 0 0 0 0
0 0 0.222317 0 0 0 0 0 0 0 0
1 0 0.223278 0 0 0 0 7.09 4.36 100 0
0 0 0.0791599 0 0 0 0 0 0 0 0
0 0 0.255319 0 0 0 0 0 0 0 0
0 0 0.219411 0 0 0 0 0 0 0 0
0 0 0.161734 0 0 0 0 0 0 0 0
0 0 0.257042 0 0 0 0 0 0 0 0
0 0 0.246618 0 0 0 0 0 0 0 0
0 0 0.224545 0 0 0 0 0 0 0 0
0 0 0.0555712 0 0 0 0 0 0 0 0
0 0 0.106986 0 0 0 0 0 0 0 0
0 0 0.0538026 0 0 0 0 0 0 0 0
0 0 0.128117 0 0 0 0 0 0 0 0
0 0 0 0 0 0 0 0 0 0 0
1 0 0.196275 0 0 0 0 15.32 10.32 100 0
0 0 0 0 0 0 0 0 0 0 0
0 0 0 0 0 0 0 0 0 0 0
0 0 0 0 0 0 0 0 0 0 0
0 0 0 0 0 0 0 0 0 0 0
0 0 0 0 0 0 0 0 0 0 0
0 0 0 0 0 0 0 0 0 0 0
0 0 0 0 0 0 0 0 0 0 0
0 0 0.150898 0 0 0 0 0 0 0 0
0 0 0.16763 0 0 0 0 0 0 0 0
0 0 0.213134 0 0 0 0 0 0 0 0
0 0 0 0 0 0 0 0 0 0 0
0 0 0 0 0 0 0 0 0 0 0
0 0 0.175318 0 0 0 0 0 0 0 0
1 0 0.200393 0 0 0 0 15.37 9.61 100 0
0 0 0 0 0 0 0 0 0 0 0
0 0 0.155915 0 0 0 0 0 0 0 0
0 0 0.122252 0 0 0 0 0 0 0 0
0 0 0.15339 0 0 0 0 0 0 0 0
0 0 0.0799087 0 0 0 0 0 0 0 0
0 0 0.324601 0 0 0 0 0 0 0 0
0 0 0.12865 0 0 0 0 0 0 0 0
0 0 0.311409 0 0 0 0 0 0 0 0
0 0 0.1893 0 0 0 0 0 0 0 0
0 0 0.193043 0 0 0 0 0 0 0 0
0 0 0.192982 0 0 0 0 0 0 0 0
0 0 0.0805439 0 0 0 0 0 0 0 0
0 0 0.252616 0 0 0 0 0 0 0 0
0 0 0.154394 0 0 0 0 0 0 0 0
0 0 0.130124 0 0 0 0 0 0 0 0
0 0 0.0452403 0 0 0 0 0 0 0 0
0 0 0.1875 0 0 0 0 0 0 0 0
0 0 0.166253 0 0 0 0 0 0 0 0
0 0 0.231158 0 0 0 0 0 0 0 0
0 0 0.166253 0 0 0 0 0 0 0 0
0 0 0.229641 0 0 0 0 0 0 0 0
0 0 0.0332701 0 0 0 0 0 0 0 0
1 1 0.17696 0 0 0 0 7.86 4.41 0 0
0 0 0.136282 0 0 0 0 0 0 0 0
0 0 0.151729 0 0 0 0 0 0 0 0
0 0 0.147009 0 0 0 0 0 0 0 0
0 0 0.18958 0 0 0 0 0 0 0 0
0 0 0.0917481 0 0 0 0 0 0 0 0
0 0 0.107708 0 0 0 0 0 0 0 0
0 0 0.273954 0 0 0 0 0 0 0 0
0 0 0.192759 0 0 0 0 0 0 0 0
0 0 0.194521 0 0 0 0 0 0 0 0
0 0 0.240496 0 0 0 0 0 0 0 0
0 0 0.15869 0 0 0 0 0 0 0 0
0 0 0.128964 0 0 0 0 0 0 0 0
0 0 0.179191 0 0 0 0 0 0 0 0
0 0 0.165817 0 0 0 0 0 0 0 0
0 0 0 0 0 0 0 0 0 0 0
0 0 0 0 0 0 0 0 0 0 0
0 0 0 0 0 0 0 0 0 0 0
0 0 0.157759 0 0 0 0 0 0 0 0
0 0 0.188095 0 0 0 0 0 0 0 0
0 0 0.143195 0 0 0 0 0 0 0 0
0 0 0.196429 0 0 0 0 0 0 0 0
0 0 0.164207 0 0 0 0 0 0 0 0
1 0 0.130597 0 0 0 0 9.56 5.43 100 0
1 1 0.156863 0 0 0 0 9.86 5.89 100 0
0 0 0.196867 0 0 0 0 0 0 0 0
0 0 0.0932907 0 0 0 0 0 0 0 0
0 0 0 0 0 0 0 0 0 0 0
0 0 0 0 0 0 0 0 0 0 0
0 0 0 0 0 0 0 0 0 0 0
0 0 0 0 0 0 0 0 0 0 0
0 0 0 0 0 0 0 0 0 0 0
0 0 0.183121 0 0 0 0 0 0 0 0
0 0 0.0452486 0 0 0 0 0 0 0 0
0 0 0.137385 0 0 0 0 0 0 0 0
0 0 0.0904359 0 0 0 0 0 0 0 0
0 0 0.119548 0 0 0 0 0 0 0 0
0 0 0.14273 0 0 0 0 0 0 0 0
1 1 0.117825 0 0 0 0 3.54 1.96 100 0
0 0 0.197509 0 0 0 0 0 0 0 0
0 0 0.214669 0 0 0 0 0 0 0 0
0 0 0.16 0 0 0 0 0 0 0 0
0 0 0.201985 0 0 0 0 0 0 0 0
0 0 0.218444 0 0 0 0 0 0 0 0
0 0 0 0 0 0 0 0 0 0 0
0 0 0 0 0 0 0 0 0 0 0
0 0 0.216216 0 0 0 0 0 0 0 0
0 0 0 0 0 0 0 0 0 0 0
0 0 0 0 0 0 0 0 0 0 0
0 0 0 0 0 0 0 0 0 0 0
0 0 0 0 0 0 0 0 0 0 0
0 0 0.227891 0 0 0 0 0 0 0 0
0 0 0.226714 0 0 0 0 0 0 0 0
0 0 0.0641725 0 0 0 0 0 0 0 0
0 0 0.0749306 0 0 0 0 0 0 0 0
0 0 0.13276 0 0 0 0 0 0 0 0
0 0 0.14011 0 0 0 0 0 0 0 0
1 1 0.0875 0 0 0 0 14.66 9.47 100 0
1 1 0.136232 0 0 0 0 17.97 12.12 100 0
1 1 0.103976 0 0 0 0 14.66 9.47 100 0
1 1 0.0875 0 0 0 0 14.66 9.47 100 0
1 1 0.136232 0 0 0 0 17.97 12.12 100 0
1 1 0.0815047 0 0 0 0 14.67 9.47 100 0
0 0 0.0924855 0 0 0 0 0 0 0 0
0 0 0.151005 0 0 0 0 0 0 0 0
1 0 0.228188 0 0 0 0 13.92 9.29 100 0
0 0 0.121212 0 0 0 0 0 0 0 0
0 0 0.388005 0 0 0 0 0 0 0 0
0 0 0 0 0 0 0 0 0 0 0
0 0 0 0 0 0 0 0 0 0 0
0 0 0 0 0 0 0 0 0 0 0
0 0 0 0 0 0 0 0 0 0 0
0 0 0 0 0 0 0 0 0 0 0
0 0 0 0 0 0 0 0 0 0 0
0 0 0 0 0 0 0 0 0 0 0
0 0 0 0 0 0 0 0 0 0 0
0 0 0 0 0 0 0 0 0 0 0
0 0 0.22393 0 0 0 0 0 0 0 0
0 0 0.22009 0 0 0 0 0 0 0 0
0 0 0.216036 0 0 0 0 0 0 0 0
0 0 0.220472 0 0 0 0 0 0 0 0
0 0 0.219101 0 0 0 0 0 0 0 0
0 0 0.220721 0 0 0 0 0 0 0 0
0 0 0.220982 0 0 0 0 0 0 0 0
0 0 0.18167 0 0 0 0 0 0 0 0
0 0 0.178558 0 0 0 0 0 0 0 0
0 0 0.188144 0 0 0 0 0 0 0 0
0 0 0.192536 0 0 0 0 0 0 0 0
0 0 0.189323 0 0 0 0 0 0 0 0
0 0 0.193296 0 0 0 0 0 0 0 0
0 0 0.20132 0 0 0 0 0 0 0 0
0 0 0.211987 0 0 0 0 0 0 0 0
0 0 0.21656 0 0 0 0 0 0 0 0
0 0 0 0 0 0 0 0 0 0 0
0 0 0.145011 0 0 0 0 0 0 0 0
0 0 0.227227 0 0 0 0 0 0 0 0
0 0 0.186531 0 0 0 0 0 0 0 0
0 0 0.281178 0 0 0 0 0 0 0 0
0 0 0.162413 0 0 0 0 0 0 0 0
0 0 0.145101 0 0 0 0 0 0 0 0
0 0 0.193309 0 0 0 0 0 0 0 0
0 0 0.190871 0 0 0 0 0 0 0 0
0 0 0.163355 0 0 0 0 0 0 0 0
0 0 0.246933 0 0 0 0 0 0 0 0
0 0 0.164474 0 0 0 0 0 0 0 0
0 0 0.222146 0 0 0 0 0 0 0 0
0 0 0.219355 0 0 0 0 0 0 0 0
0 0 0.212515 0 0 0 0 0 0 0 0
0 0 0 0 0 0 0 0 0 0 0
0 0 0 0 0 0 0 0 0 0 0
0 0 0 0 0 0 0 0 0 0 0
0 0 0.180511 0 0 0 0 0 0 0 0
0 0 0.134287 0 0 0 0 0 0 0 0
0 0 0 0 0 0 0 0 0 0 0
0 0 0.184837 0 0 0 0 0 0 0 0
0 0 0.18647 0 0 0 0 0 0 0 0
0 0 0.21787 0 0 0 0 0 0 0 0
0 0 0.229549 0 0 0 0 0 0 0 0
0 0 0.180784 0 0 0 0 0 0 0 0
0 0 0.194926 0 0 0 0 0 0 0 0
0 0 0.193962 0 0 0 0 0 0 0 0
0 0 0 0 0 0 0 0 0 0 0
0 0 0.265799 0 0 0 0 0 0 0 0
0 0 0.193247 0 0 0 0 0 0 0 0
0 0 0.25256 0 0 0 0 0 0 0 0
0 0 0.130416 0 0 0 0 0 0 0 0
0 0 0 0 0 0 0 0 0 0 0
0 0 0.0641739 0 0 0 0 0 0 0 0
0 0 0.0963328 0 0 0 0 0 0 0 0
0 0 0.176734 0 0 0 0 0 0 0 0
0 0 0.223639 0 0 0 0 0 0 0 0
0 0 0.0562436 0 0 0 0 0 0 0 0
1 0 0.167939 0 0 0 0 9.73 5.59 100 0
0 0 0.178509 0 0 0 0 0 0 0 0
1 0 0.16055 0 0 0 0 13.93 8.69 100 0
1 0 0.169466 0 0 0 0 9.67 5.56 100 0
1 0 0.154434 0 0 0 0 13.54 8.35 100 0
0 0 0.106309 0 0 0 0 0 0 0 0
0 0 0.139241 0 0 0 0 0 0 0 0
1 0 0.16055 0 0 0 0 13.93 8.69 100 0
1 1 0.185693 0 0 0 0 4.84 3.08 100 0
0 0 0.152074 0 0 0 0 0 0 0 0
0 0 0.0839806 0 0 0 0 0 0 0 0
0 0 0.176591 0 0 0 0 0 0 0 0
0 0 0.215441 0 0 0 0 0 0 0 0
0 0 0.097964 0 0 0 0 0 0 0 0
0 0 0.138593 0 0 0 0 0 0 0 0
1 0 0.108108 0 0 0 0 13.69 8.56 100 0
0 0 0.214919 0 0 0 0 0 0 0 0
0 0 0.0978318 0 0 0 0 0 0 0 0
0 0 0.138593 0 0 0 0 0 0 0 0
1 0 0.108108 0 0 0 0 11.59 6.82 100 0
0 0 0.100226 0 0 0 0 0 0 0 0
1 0 0.0935673 0 0 0 0 11.61 6.96 100 0
0 0 0.235909 0 0 0 0 0 0 0 0
0 0 0.263955 0 0 0 0 0 0 0 0
0 0 0.175529 0 0 0 0 0 0 0 0
0 0 0.214919 0 0 0 0 0 0 0 0
0 0 0.0980963 0 0 0 0 0 0 0 0
0 0 0.138355 0 0 0 0 0 0 0 0
1 0 0.108108 0 0 0 0 11.59 6.82 100 0
0 0 0.100021 0 0 0 0 0 0 0 0
1 0 0.0935673 0 0 0 0 11.61 6.96 100 0
0 0 0.236596 0 0 0 0 0 0 0 0
0 0 0.263955 0 0 0 0 0 0 0 0
0 0 0.174888 0 0 0 0 0 0 0 0
0 0 0.213354 0 0 0 0 0 0 0 0
0 0 0.097964 0 0 0 0 0 0 0 0
0 0 0.138673 0 0 0 0 0 0 0 0
1 0 0.108108 0 0 0 0 11.55 6.8 100 0
0 0 0.100021 0 0 0 0 0 0 0 0
1 0 0.0935673 0 0 0 0 11.57 6.93 100 0
0 0 0.236261 0 0 0 0 0 0 0 0
0 0 0.263955 0 0 0 0 0 0 0 0
0 0 0.174888 0 0 0 0 0 0 0 0
0 0 0.243243 0 0 0 0 0 0 0 0
0 0 0 0 0 0 0 0 0 0 0
0 0 0.123919 0 0 0 0 0 0 0 0
0 0 0 0 0 0 0 0 0 0 0
0 0 0.13046 0 0 0 0 0 0 0 0
1 1 0.158177 0 0 0 0 8.2 5.15 100 0
0 0 0.0673876 0 0 0 0 0 0 0 0
0 0 0.144845 0 0 0 0 0 0 0 0
0 0 0.0791367 0 0 0 0 0 0 0 0
0 0 0.142457 0 0 0 0 0 0 0 0
0 0 0.134561 0 0 0 0 0 0 0 0
0 0 0.205761 0 0 0 0 0 0 0 0
0 0 0.240329 0 0 0 0 0 0 0 0
0 0 0.240329 0 0 0 0 0 0 0 0
1 0 0.121622 0 0 0 0 15.75 11.72 100 0
0 0 0.0399919 0 0 0 0 0 0 0 0
0 0 0 0 0 0 0 0 0 0 0
0 0 0.183862 0 0 0 0 0 0 0 0
0 0 0.215326 0 0 0 0 0 0 0 0
0 0 0.258984 0 0 0 0 0 0 0 0
0 0 0.170699 0 0 0 0 0 0 0 0
1 1 0.139276 0 0 0 0 15.33 9.81 100 0
1 1 0.125698 0 0 0 0 15.33 9.81 100 0
0 0 0.144501 0 0 0 0 0 0 0 0
0 0 0.101249 0 0 0 0 0 0 0 0
0 0 0.211282 0 0 0 0 0 0 0 0
0 0 0.164546 0 0 0 0 0 0 0 0
0 0 0.109465 0 0 0 0 0 0 0 0
0 0 0.101288 0 0 0 0 0 0 0 0
0 0 0.211904 0 0 0 0 0 0 0 0
0 0 0.164546 0 0 0 0 0 0 0 0
0 0 0.22 0 0 0 0 0 0 0 0
1 1 0.160508 0 0 0 0 10.13 5.61 100 0
0 0 0.218221 0 0 0 0 0 0 0 0
0 0 0 0 0 0 0 0 0 0 0
0 0 0.0949954 0 0 0 0 0 0 0 0
0 0 0 0 0 0 0 0 0 0 0
0 0 0.15779 0 0 0 0 0 0 0 0
0 0 0 0 0 0 0 0 0 0 0
0 0 0.118988 0 0 0 0 0 0 0 0
0 0 0 0 0 0 0 0 0 0 0
0 0 0 0 0 0 0 0 0 0 0
0 0 0.123571 0 0 0 0 0 0 0 0
0 0 0.15339 0 0 0 0 0 0 0 0
0 0 0.0799087 0 0 0 0 0 0 0 0
0 0 0 0 0 0 0 0 0 0 0
0 0 0.316758 0 0 0 0 0 0 0 0
0 0 0.108482 0 0 0 0 0 0 0 0
0 0 0.311409 0 0 0 0 0 0 0 0
0 0 0.192675 0 0 0 0 0 0 0 0
0 0 0.148064 0 0 0 0 0 0 0 0
0 0 0.198381 0 0 0 0 0 0 0 0
0 0 0.0732217 0 0 0 0 0 0 0 0
0 0 0.214286 0 0 0 0 0 0 0 0
0 0 0.15461 0 0 0 0 0 0 0 0
0 0 0.125672 0 0 0 0 0 0 0 0
0 0 0.0452403 0 0 0 0 0 0 0 0
0 0 0 0 0 0 0 0 0 0 0
0 0 0.123131 0 0 0 0 0 0 0 0
0 0 0.15339 0 0 0 0 0 0 0 0
0 0 0.0799087 0 0 0 0 0 0 0 0
0 0 0 0 0 0 0 0 0 0 0
0 0 0.316758 0 0 0 0 0 0 0 0
0 0 0.109077 0 0 0 0 0 0 0 0
0 0 0.311409 0 0 0 0 0 0 0 0
0 0 0.192675 0 0 0 0 0 0 0 0
0 0 0.148064 0 0 0 0 0 0 0 0
0 0 0.198381 0 0 0 0 0 0 0 0
0 0 0.0732217 0 0 0 0 0 0 0 0
0 0 0.214286 0 0 0 0 0 0 0 0
0 0 0.154826 0 0 0 0 0 0 0 0
0 0 0.124088 0 0 0 0 0 0 0 0
0 0 0.0452403 0 0 0 0 0 0 0 0
0 0 0 0 0 0 0 0 0 0 0
0 0 0.123131 0 0 0 0 0 0 0 0
0 0 0.154049 0 0 0 0 0 0 0 0
0 0 0.0799087 0 0 0 0 0 0 0 0
0 0 0 0 0 0 0 0 0 0 0
0 0 0.316758 0 0 0 0 0 0 0 0
0 0 0.115633 0 0 0 0 0 0 0 0
0 0 0.311409 0 0 0 0 0 0 0 0
0 0 0.192675 0 0 0 0 0 0 0 0
0 0 0.148064 0 0 0 0 0 0 0 0
0 0 0.198381 0 0 0 0 0 0 0 0
0 0 0.0732217 0 0 0 0 0 0 0 0
0 0 0.214286 0 0 0 0 0 0 0 0
0 0 0.154826 0 0 0 0 0 0 0 0
0 0 0.126344 0 0 0 0 0 0 0 0
0 0 0.0452403 0 0 0 0 0 0 0 0
0 0 0 0 0 0 0 0 0 0 0
0 0 0.123131 0 0 0 0 0 0 0 0
0 0 0.15339 0 0 0 0 0 0 0 0
0 0 0.0799087 0 0 0 0 0 0 0 0
0 0 0 0 0 0 0 0 0 0 0
0 0 0.316758 0 0 0 0 0 0 0 0
0 0 0.115857 0 0 0 0 0 0 0 0
0 0 0.311409 0 0 0 0 0 0 0 0
0 0 0.192675 0 0 0 0 0 0 0 0
0 0 0.148064 0 0 0 0 0 0 0 0
0 0 0.198381 0 0 0 0 0 0 0 0
0 0 0.0732217 0 0 0 0 0 0 0 0
0 0 0.214286 0 0 0 0 0 0 0 0
0 0 0.15461 0 0 0 0 0 0 0 0
0 0 0.124088 0 0 0 0 0 0 0 0
0 0 0.0452403 0 0 0 0 0 0 0 0
0 0 0.190773 0 0 0 0 0 0 0 0
0 0 0.190773 0 0 0 0 0 0 0 0
0 0 0 0 0 0 0 0 0 0 0
0 0 0.255046 0 0 0 0 0 0 0 0
0 0 0.36425 0 0 0 0 0 0 0 0
0 0 0.194832 0 0 0 0 0 0 0 0
0 0 0.177384 0 0 0 0 0 0 0 0
1 1 0.246175 0 0 0 0 12.8 8.07 92.31 0
0 0 0.136041 0 0 0 0 0 0 0 0
0 0 0.183983 0 0 0 0 0 0 0 0
1 1 0.297189 0 0 0 0 12.3 7.59 41.67 0
1 1 0.368035 0 0 0 0 11.57 7.08 100 0
0 0 0.260909 0 0 0 0 0 0 0 0
0 0 0.240553 0 0 0 0 0 0 0 0
0 0 0.207442 0 0 0 0 0 0 0 0
0 0 0.266667 0 0 0 0 0 0 0 0
0 0 0.190523 0 0 0 0 0 0 0 0
0 0 0.191379 0 0 0 0 0 0 0 0
0 0 0.208861 0 0 0 0 0 0 0 0
0 0 0.121145 0 0 0 0 0 0 0 0
0 0 0.161085 0 0 0 0 0 0 0 0
0 0 0.0929354 0 0 0 0 0 0 0 0
0 0 0.151188 0 0 0 0 0 0 0 0
0 0 0.295031 0 0 0 0 0 0 0 0
0 0 0.15236 0 0 0 0 0 0 0 0
0 0 0.255869 0 0 0 0 0 0 0 0
0 0 0.261364 0 0 0 0 0 0 0 0
0 0 0.137931 0 0 0 0 0 0 0 0
0 0 0.218391 0 0 0 0 0 0 0 0
0 0 0.173913 0 0 0 0 0 0 0 0
0 0 0.0395495 0 0 0 0 0 0 0 0
0 0 0.0374473 0 0 0 0 0 0 0 0
0 0 0.255046 0 0 0 0 0 0 0 0
0 0 0.36425 0 0 0 0 0 0 0 0
0 0 0.193087 0 0 0 0 0 0 0 0
0 0 0.178123 0 0 0 0 0 0 0 0
1 1 0.246175 0 0 0 0 14.77 9.5 92.31 0
0 0 0.137331 0 0 0 0 0 0 0 0
0 0 0.183983 0 0 0 0 0 0 0 0
1 1 0.297189 0 0 0 0 14.19 8.94 41.67 0
1 1 0.368035 0 0 0 0 13.35 8.33 100 0
1 1 0.100629 0 0 0 0 14.66 9.47 100 0
1 1 0.100629 0 0 0 0 14.66 9.47 0 0
0 0 0.0902568 0 0 0 0 0 0 0 0
0 0 0.0694051 0 0 0 0 0 0 0 0
0 0 0.166667 0 0 0 0 0 0 0 0
0 0 0 0 0 0 0 0 0 0 0
0 0 0.135135 0 0 0 0 0 0 0 0
0 0 0.0948392 0 0 0 0 0 0 0 0
0 0 0.0483484 0 0 0 0 0 0 0 0
0 0 0.245818 0 0 0 0 0 0 0 0
0 0 0.179764 0 0 0 0 0 0 0 0
0 0 0.206232 0 0 0 0 0 0 0 0
1 1 0.248315 0 0 0 0 7.47 5.29 82.35 0
0 0 0.160524 0 0 0 0 0 0 0 0
0 0 0.262295 0 0 0 0 0 0 0 0
0 0 0.237398 0 0 0 0 0 0 0 0
0 0 0.186654 0 0 0 0 0 0 0 0
0 0 0.207929 0 0 0 0 0 0 0 0
0 0 0.239193 0 0 0 0 0 0 0 0
0 0 0.188433 0 0 0 0 0 0 0 0
0 0 0.194444 0 0 0 0 0 0 0 0
0 0 0.194444 0 0 0 0 0 0 0 0
0 0 0.194444 0 0 0 0 0 0 0 0
0 0 0.184211 0 0 0 0 0 0 0 0
0 0 0.192237 0 0 0 0 0 0 0 0
0 0 0.19633 0 0 0 0 0 0 0 0
0 0 0.19633 0 0 0 0 0 0 0 0
0 0 0.19633 0 0 0 0 0 0 0 0
0 0 0.189944 0 0 0 0 0 0 0 0
0 0 0.191275 0 0 0 0 0 0 0 0
0 0 0.206759 0 0 0 0 0 0 0 0
0 0 0.171315 0 0 0 0 0 0 0 0
0 0 0.193078 0 0 0 0 0 0 0 0
0 0 0.166333 0 0 0 0 0 0 0 0
0 0 0.191606 0 0 0 0 0 0 0 0
0 0 0.162651 0 0 0 0 0 0 0 0
0 0 0.185662 0 0 0 0 0 0 0 0
0 0 0.159274 0 0 0 0 0 0 0 0
0 0 0.180451 0 0 0 0 0 0 0 0
0 0 0.174129 0 0 0 0 0 0 0 0
0 0 0.150515 0 0 0 0 0 0 0 0
0 0 0.158436 0 0 0 0 0 0 0 0
0 0 0.150206 0 0 0 0 0 0 0 0
0 0 0.184702 0 0 0 0 0 0 0 0
0 0 0.167467 0 0 0 0 0 0 0 0
0 0 0.174233 0 0 0 0 0 0 0 0
0 0 0.188312 0 0 0 0 0 0 0 0
1 0 0.164306 0 0 0 0 12.39 8.11 100 0
1 1 0.127962 0 0 0 0 11.9 7.56 100 0
0 0 0.202997 0 0 0 0 0 0 0 0
1 0 0.106412 0 0 0 0 12.46 7.96 100 0
0 0 0.167219 0 0 0 0 0 0 0 0
0 0 0.0713899 0 0 0 0 0 0 0 0
0 0 0.188953 0 0 0 0 0 0 0 0
0 0 0.21843 0 0 0 0 0 0 0 0
0 0 0.227755 0 0 0 0 0 0 0 0
0 0 0.231255 0 0 0 0 0 0 0 0
0 0 0.229796 0 0 0 0 0 0 0 0
0 0 0.251082 0 0 0 0 0 0 0 0
0 0 0.251513 0 0 0 0 0 0 0 0
0 0 0.240761 0 0 0 0 0 0 0 0
0 0 0.240807 0 0 0 0 0 0 0 0
0 0 0.0520466 0 0 0 0 0 0 0 0
0 0 0.0848033 0 0 0 0 0 0 0 0
1 1 0.223417 0 0 0 0 10.99 6.89 100 0
0 0 0.0520819 0 0 0 0 0 0 0 0
0 0 0.0848992 0 0 0 0 0 0 0 0
1 1 0.223417 0 0 0 0 14.21 8.36 100 0
0 0 0.188953 0 0 0 0 0 0 0 0
0 0 0.218265 0 0 0 0 0 0 0 0
0 0 0.227936 0 0 0 0 0 0 0 0
0 0 0.231347 0 0 0 0 0 0 0 0
0 0 0.229796 0 0 0 0 0 0 0 0
0 0 0.251082 0 0 0 0 0 0 0 0
0 0 0.251513 0 0 0 0 0 0 0 0
0 0 0.240761 0 0 0 0 0 0 0 0
0 0 0.240807 0 0 0 0 0 0 0 0
0 0 0.0520466 0 0 0 0 0 0 0 0
0 0 0.0848033 0 0 0 0 0 0 0 0
1 1 0.223417 0 0 0 0 10.99 6.89 100 0
0 0 0.129784 0 0 0 0 0 0 0 0
0 0 0.188953 0 0 0 0 0 0 0 0
0 0 0.217843 0 0 0 0 0 0 0 0
0 0 0.227936 0 0 0 0 0 0 0 0
0 0 0.231255 0 0 0 0 0 0 0 0
0 0 0.229796 0 0 0 0 0 0 0 0
0 0 0.251082 0 0 0 0 0 0 0 0
0 0 0.251513 0 0 0 0 0 0 0 0
0 0 0.240761 0 0 0 0 0 0 0 0
0 0 0.240807 0 0 0 0 0 0 0 0
0 0 0.0520819 0 0 0 0 0 0 0 0
0 0 0.0848992 0 0 0 0 0 0 0 0
1 1 0.223417 0 0 0 0 10.95 6.86 100 0
0 0 0.188953 0 0 0 0 0 0 0 0
0 0 0.218265 0 0 0 0 0 0 0 0
0 0 0.227936 0 0 0 0 0 0 0 0
0 0 0.231255 0 0 0 0 0 0 0 0
0 0 0.229889 0 0 0 0 0 0 0 0
0 0 0.251082 0 0 0 0 0 0 0 0
0 0 0.251513 0 0 0 0 0 0 0 0
0 0 0.240761 0 0 0 0 0 0 0 0
0 0 0.240807 0 0 0 0 0 0 0 0
0 0 0.0520466 0 0 0 0 0 0 0 0
0 0 0.0848992 0 0 0 0 0 0 0 0
1 1 0.223417 0 0 0 0 10.99 6.89 100 0
0 0 0.228587 0 0 0 0 0 0 0 0
0 0 0.0239255 0 0 0 0 0 0 0 0
0 0 0.243243 0 0 0 0 0 0 0 0
0 0 0.227288 0 0 0 0 0 0 0 0
0 0 0.255552 0 0 0 0 0 0 0 0
0 0 0.179634 0 0 0 0 0 0 0 0
0 0 0.224774 0 0 0 0 0 0 0 0
0 0 0.165333 0 0 0 0 0 0 0 0
0 0 0 0 0 0 0 0 0 0 0
0 0 0.239301 0 0 0 0 0 0 0 0
0 0 0.207812 0 0 0 0 0 0 0 0
0 0 0 0 0 0 0 0 0 0 0
0 0 0 0 0 0 0 0 0 0 0
0 0 0.266817 0 0 0 0 0 0 0 0
0 0 0 0 0 0 0 0 0 0 0
0 0 0.32153 0 0 0 0 0 0 0 0
0 0 0.325792 0 0 0 0 0 0 0 0
0 0 0.298762 0 0 0 0 0 0 0 0
0 0 0.329836 0 0 0 0 0 0 0 0
0 0 0.306265 0 0 0 0 0 0 0 0
0 0 0.296146 0 0 0 0 0 0 0 0
0 0 0.34529 0 0 0 0 0 0 0 0
0 0 0.296031 0 0 0 0 0 0 0 0
0 0 0.341935 0 0 0 0 0 0 0 0
1 0 0.126126 0 0 0 0 3.94 2.05 100 0
0 0 0.0925118 0 0 0 0 0 0 0 0
0 0 0.253147 0 0 0 0 0 0 0 0
0 0 0.179194 0 0 0 0 0 0 0 0
0 0 0.224774 0 0 0 0 0 0 0 0
0 0 0.165333 0 0 0 0 0 0 0 0
0 0 0 0 0 0 0 0 0 0 0
0 0 0.238428 0 0 0 0 0 0 0 0
0 0 0.207812 0 0 0 0 0 0 0 0
0 0 0 0 0 0 0 0 0 0 0
0 0 0 0 0 0 0 0 0 0 0
0 0 0.266027 0 0 0 0 0 0 0 0
0 0 0 0 0 0 0 0 0 0 0
0 0 0.320585 0 0 0 0 0 0 0 0
0 0 0.325792 0 0 0 0 0 0 0 0
0 0 0.298762 0 0 0 0 0 0 0 0
0 0 0.330105 0 0 0 0 0 0 0 0
0 0 0.306443 0 0 0 0 0 0 0 0
0 0 0.293047 0 0 0 0 0 0 0 0
0 0 0.338291 0 0 0 0 0 0 0 0
0 0 0.295393 0 0 0 0 0 0 0 0
0 0 0.341767 0 0 0 0 0 0 0 0
0 0 0.126126 0 0 0 0 0 0 0 0
0 0 0.0927014 0 0 0 0 0 0 0 0
0 0 0.254168 0 0 0 0 0 0 0 0
0 0 0.179194 0 0 0 0 0 0 0 0
0 0 0.224774 0 0 0 0 0 0 0 0
0 0 0.165333 0 0 0 0 0 0 0 0
0 0 0 0 0 0 0 0 0 0 0
0 0 0.239301 0 0 0 0 0 0 0 0
0 0 0.207812 0 0 0 0 0 0 0 0
0 0 0 0 0 0 0 0 0 0 0
0 0 0 0 0 0 0 0 0 0 0
0 0 0.266298 0 0 0 0 0 0 0 0
0 0 0 0 0 0 0 0 0 0 0
0 0 0.320585 0 0 0 0 0 0 0 0
0 0 0.325792 0 0 0 0 0 0 0 0
0 0 0.298762 0 0 0 0 0 0 0 0
0 0 0.330374 0 0 0 0 0 0 0 0
0 0 0.303052 0 0 0 0 0 0 0 0
0 0 0.292272 0 0 0 0 0 0 0 0
0 0 0.338874 0 0 0 0 0 0 0 0
0 0 0.295234 0 0 0 0 0 0 0 0
0 0 0.341767 0 0 0 0 0 0 0 0
0 0 0.126126 0 0 0 0 0 0 0 0
0 0 0.0925118 0 0 0 0 0 0 0 0
0 0 0.253147 0 0 0 0 0 0 0 0
0 0 0.179487 0 0 0 0 0 0 0 0
0 0 0.224774 0 0 0 0 0 0 0 0
0 0 0.165333 0 0 0 0 0 0 0 0
0 0 0 0 0 0 0 0 0 0 0
0 0 0.238428 0 0 0 0 0 0 0 0
0 0 0.207031 0 0 0 0 0 0 0 0
0 0 0 0 0 0 0 0 0 0 0
0 0 0 0 0 0 0 0 0 0 0
0 0 0.266298 0 0 0 0 0 0 0 0
0 0 0 0 0 0 0 0 0 0 0
0 0 0.320585 0 0 0 0 0 0 0 0
0 0 0.32603 0 0 0 0 0 0 0 0
0 0 0.298762 0 0 0 0 0 0 0 0
0 0 0.329298 0 0 0 0 0 0 0 0
0 0 0.302338 0 0 0 0 0 0 0 0
0 0 0.292853 0 0 0 0 0 0 0 0
0 0 0.338291 0 0 0 0 0 0 0 0
0 0 0.296031 0 0 0 0 0 0 0 0
0 0 0.341767 0 0 0 0 0 0 0 0
0 0 0.126126 0 0 0 0 0 0 0 0
0 0 0.0926067 0 0 0 0 0 0 0 0
0 0 0.102163 0 0 0 0 0 0 0 0
0 0 0.154452 0 0 0 0 0 0 0 0
0 0 0.253828 0 0 0 0 0 0 0 0
0 0 0.179487 0 0 0 0 0 0 0 0
0 0 0.224774 0 0 0 0 0 0 0 0
0 0 0.165333 0 0 0 0 0 0 0 0
0 0 0 0 0 0 0 0 0 0 0
0 0 0.239301 0 0 0 0 0 0 0 0
0 0 0.207031 0 0 0 0 0 0 0 0
0 0 0 0 0 0 0 0 0 0 0
0 0 0 0 0 0 0 0 0 0 0
0 0 0.266125 0 0 0 0 0 0 0 0
0 0 0 0 0 0 0 0 0 0 0
0 0 0.320585 0 0 0 0 0 0 0 0
0 0 0.325792 0 0 0 0 0 0 0 0
0 0 0.297954 0 0 0 0 0 0 0 0
0 0 0.329298 0 0 0 0 0 0 0 0
0 0 0.30323 0 0 0 0 0 0 0 0
0 0 0.292272 0 0 0 0 0 0 0 0
0 0 0.339749 0 0 0 0 0 0 0 0
0 0 0.295712 0 0 0 0 0 0 0 0
0 0 0.341767 0 0 0 0 0 0 0 0
0 0 0.126126 0 0 0 0 0 0 0 0
0 0 0.0927014 0 0 0 0 0 0 0 0
0 0 0.254868 0 0 0 0 0 0 0 0
0 0 0.179487 0 0 0 0 0 0 0 0
0 0 0.224774 0 0 0 0 0 0 0 0
0 0 0.165333 0 0 0 0 0 0 0 0
0 0 0 0 0 0 0 0 0 0 0
0 0 0.238428 0 0 0 0 0 0 0 0
0 0 0.207031 0 0 0 0 0 0 0 0
0 0 0 0 0 0 0 0 0 0 0
0 0 0 0 0 0 0 0 0 0 0
0 0 0.265513 0 0 0 0 0 0 0 0
0 0 0 0 0 0 0 0 0 0 0
0 0 0.320585 0 0 0 0 0 0 0 0
0 0 0.325316 0 0 0 0 0 0 0 0
0 0 0.297954 0 0 0 0 0 0 0 0
0 0 0.329029 0 0 0 0 0 0 0 0
0 0 0.303052 0 0 0 0 0 0 0 0
0 0 0.292466 0 0 0 0 0 0 0 0
0 0 0.338874 0 0 0 0 0 0 0 0
0 0 0.295074 0 0 0 0 0 0 0 0
0 0 0.341767 0 0 0 0 0 0 0 0
0 0 0.126126 0 0 0 0 0 0 0 0
0 0 0.0926067 0 0 0 0 0 0 0 0
0 0 0.25521 0 0 0 0 0 0 0 0
0 0 0.17978 0 0 0 0 0 0 0 0
0 0 0.224774 0 0 0 0 0 0 0 0
0 0 0.165333 0 0 0 0 0 0 0 0
0 0 0 0 0 0 0 0 0 0 0
0 0 0.239301 0 0 0 0 0 0 0 0
0 0 0.207031 0 0 0 0 0 0 0 0
0 0 0 0 0 0 0 0 0 0 0
0 0 0 0 0 0 0 0 0 0 0
0 0 0.265513 0 0 0 0 0 0 0 0
0 0 0 0 0 0 0 0 0 0 0
0 0 0.320585 0 0 0 0 0 0 0 0
0 0 0.325077 0 0 0 0 0 0 0 0
0 0 0.29834 0 0 0 0 0 0 0 0
0 0 0.329567 0 0 0 0 0 0 0 0
0 0 0.302517 0 0 0 0 0 0 0 0
0 0 0.292272 0 0 0 0 0 0 0 0
0 0 0.339166 0 0 0 0 0 0 0 0
0 0 0.295552 0 0 0 0 0 0 0 0
0 0 0.341767 0 0 0 0 0 0 0 0
0 0 0.126126 0 0 0 0 0 0 0 0
0 0 0.0927962 0 0 0 0 0 0 0 0
0 0 0.253488 0 0 0 0 0 0 0 0
0 0 0.179634 0 0 0 0 0 0 0 0
0 0 0.224774 0 0 0 0 0 0 0 0
0 0 0.165333 0 0 0 0 0 0 0 0
0 0 0 0 0 0 0 0 0 0 0
0 0 0.239301 0 0 0 0 0 0 0 0
0 0 0.125 0 0 0 0 0 0 0 0
0 0 0 0 0 0 0 0 0 0 0
0 0 0 0 0 0 0 0 0 0 0
0 0 0.265513 0 0 0 0 0 0 0 0
0 0 0 0 0 0 0 0 0 0 0
0 0 0.320585 0 0 0 0 0 0 0 0
0 0 0.325316 0 0 0 0 0 0 0 0
0 0 0.298726 0 0 0 0 0 0 0 0
0 0 0.329298 0 0 0 0 0 0 0 0
0 0 0.303052 0 0 0 0 0 0 0 0
0 0 0.292466 0 0 0 0 0 0 0 0
0 0 0.338874 0 0 0 0 0 0 0 0
0 0 0.295871 0 0 0 0 0 0 0 0
0 0 0.341767 0 0 0 0 0 0 0 0
0 0 0.126126 0 0 0 0 0 0 0 0
0 0 0.0927014 0 0 0 0 0 0 0 0
0 0 0.132667 0 0 0 0 0 0 0 0
0 0 0.255893 0 0 0 0 0 0 0 0
0 0 0.179634 0 0 0 0 0 0 0 0
0 0 0.224774 0 0 0 0 0 0 0 0
0 0 0.165333 0 0 0 0 0 0 0 0
0 0 0 0 0 0 0 0 0 0 0
0 0 0.238428 0 0 0 0 0 0 0 0
0 0 0.207031 0 0 0 0 0 0 0 0
0 0 0 0 0 0 0 0 0 0 0
0 0 0 0 0 0 0 0 0 0 0
0 0 0.265779 0 0 0 0 0 0 0 0
0 0 0 0 0 0 0 0 0 0 0
0 0 0.320585 0 0 0 0 0 0 0 0
0 0 0.325077 0 0 0 0 0 0 0 0
0 0 0.29834 0 0 0 0 0 0 0 0
0 0 0.329298 0 0 0 0 0 0 0 0
0 0 0.302695 0 0 0 0 0 0 0 0
0 0 0.292466 0 0 0 0 0 0 0 0
0 0 0.338874 0 0 0 0 0 0 0 0
0 0 0.295552 0 0 0 0 0 0 0 0
0 0 0.342196 0 0 0 0 0 0 0 0
0 0 0.126126 0 0 0 0 0 0 0 0
0 0 0.0927014 0 0 0 0 0 0 0 0
0 0 0.132956 0 0 0 0 0 0 0 0
0 0 0.25521 0 0 0 0 0 0 0 0
0 0 0.179487 0 0 0 0 0 0 0 0
0 0 0.224774 0 0 0 0 0 0 0 0
0 0 0.165333 0 0 0 0 0 0 0 0
0 0 0 0 0 0 0 0 0 0 0
0 0 0.239301 0 0 0 0 0 0 0 0
0 0 0.206813 0 0 0 0 0 0 0 0
0 0 0 0 0 0 0 0 0 0 0
0 0 0 0 0 0 0 0 0 0 0
0 0 0.265779 0 0 0 0 0 0 0 0
0 0 0 0 0 0 0 0 0 0 0
0 0 0.320585 0 0 0 0 0 0 0 0
0 0 0.325316 0 0 0 0 0 0 0 0
0 0 0.29834 0 0 0 0 0 0 0 0
0 0 0.32876 0 0 0 0 0 0 0 0
0 0 0.302873 0 0 0 0 0 0 0 0
0 0 0.292272 0 0 0 0 0 0 0 0
0 0 0.338291 0 0 0 0 0 0 0 0
0 0 0.295074 0 0 0 0 0 0 0 0
0 0 0.341767 0 0 0 0 0 0 0 0
0 0 0.126126 0 0 0 0 0 0 0 0
0 0 0.0925118 0 0 0 0 0 0 0 0
0 0 0.253488 0 0 0 0 0 0 0 0
0 0 0.179048 0 0 0 0 0 0 0 0
0 0 0.224774 0 0 0 0 0 0 0 0
0 0 0.165333 0 0 0 0 0 0 0 0
0 0 0 0 0 0 0 0 0 0 0
0 0 0.239301 0 0 0 0 0 0 0 0
0 0 0.207031 0 0 0 0 0 0 0 0
0 0 0 0 0 0 0 0 0 0 0
0 0 0 0 0 0 0 0 0 0 0
0 0 0.265779 0 0 0 0 0 0 0 0
0 0 0 0 0 0 0 0 0 0 0
0 0 0.320585 0 0 0 0 0 0 0 0
0 0 0.325077 0 0 0 0 0 0 0 0
0 0 0.297954 0 0 0 0 0 0 0 0
0 0 0.32876 0 0 0 0 0 0 0 0
0 0 0.302873 0 0 0 0 0 0 0 0
0 0 0.292078 0 0 0 0 0 0 0 0
0 0 0.338874 0 0 0 0 0 0 0 0
0 0 0.295074 0 0 0 0 0 0 0 0
0 0 0.341171 0 0 0 0 0 0 0 0
0 0 0.126126 0 0 0 0 0 0 0 0
0 0 0.0929858 0 0 0 0 0 0 0 0
0 0 0.253488 0 0 0 0 0 0 0 0
0 0 0.179487 0 0 0 0 0 0 0 0
0 0 0.224774 0 0 0 0 0 0 0 0
0 0 0.165333 0 0 0 0 0 0 0 0
0 0 0 0 0 0 0 0 0 0 0
0 0 0.239301 0 0 0 0 0 0 0 0
0 0 0.207031 0 0 0 0 0 0 0 0
0 0 0 0 0 0 0 0 0 0 0
0 0 0 0 0 0 0 0 0 0 0
0 0 0.265513 0 0 0 0 0 0 0 0
0 0 0 0 0 0 0 0 0 0 0
0 0 0.320585 0 0 0 0 0 0 0 0
0 0 0.325316 0 0 0 0 0 0 0 0
0 0 0.29834 0 0 0 0 0 0 0 0
0 0 0.329567 0 0 0 0 0 0 0 0
0 0 0.302517 0 0 0 0 0 0 0 0
0 0 0.292659 0 0 0 0 0 0 0 0
0 0 0.338583 0 0 0 0 0 0 0 0
0 0 0.294755 0 0 0 0 0 0 0 0
0 0 0.341171 0 0 0 0 0 0 0 0
0 0 0.126126 0 0 0 0 0 0 0 0
0 0 0.092891 0 0 0 0 0 0 0 0
0 0 0.25521 0 0 0 0 0 0 0 0
0 0 0.179048 0 0 0 0 0 0 0 0
0 0 0.224774 0 0 0 0 0 0 0 0
0 0 0.165333 0 0 0 0 0 0 0 0
0 0 0 0 0 0 0 0 0 0 0
0 0 0.239301 0 0 0 0 0 0 0 0
0 0 0.207031 0 0 0 0 0 0 0 0
0 0 0 0 0 0 0 0 0 0 0
0 0 0 0 0 0 0 0 0 0 0
0 0 0.265684 0 0 0 0 0 0 0 0
0 0 0 0 0 0 0 0 0 0 0
0 0 0.318697 0 0 0 0 0 0 0 0
0 0 0.325077 0 0 0 0 0 0 0 0
0 0 0.29834 0 0 0 0 0 0 0 0
0 0 0.329029 0 0 0 0 0 0 0 0
0 0 0.303052 0 0 0 0 0 0 0 0
0 0 0.292272 0 0 0 0 0 0 0 0
0 0 0.338291 0 0 0 0 0 0 0 0
0 0 0.293799 0 0 0 0 0 0 0 0
0 0 0.341171 0 0 0 0 0 0 0 0
0 0 0.126126 0 0 0 0 0 0 0 0
0 0 0.0925118 0 0 0 0 0 0 0 0
0 0 0.132956 0 0 0 0 0 0 0 0
0 0 0.254868 0 0 0 0 0 0 0 0
0 0 0.179341 0 0 0 0 0 0 0 0
0 0 0.224774 0 0 0 0 0 0 0 0
0 0 0.165333 0 0 0 0 0 0 0 0
0 0 0 0 0 0 0 0 0 0 0
0 0 0.238428 0 0 0 0 0 0 0 0
0 0 0.208594 0 0 0 0 0 0 0 0
0 0 0 0 0 0 0 0 0 0 0
0 0 0 0 0 0 0 0 0 0 0
0 0 0.265952 0 0 0 0 0 0 0 0
0 0 0 0 0 0 0 0 0 0 0
0 0 0.318697 0 0 0 0 0 0 0 0
0 0 0.325077 0 0 0 0 0 0 0 0
0 0 0.297954 0 0 0 0 0 0 0 0
0 0 0.32876 0 0 0 0 0 0 0 0
0 0 0.302695 0 0 0 0 0 0 0 0
0 0 0.292272 0 0 0 0 0 0 0 0
0 0 0.337708 0 0 0 0 0 0 0 0
0 0 0.294436 0 0 0 0 0 0 0 0
0 0 0.341171 0 0 0 0 0 0 0 0
0 0 0.126126 0 0 0 0 0 0 0 0
0 0 0.0927014 0 0 0 0 0 0 0 0
0 0 0.132667 0 0 0 0 0 0 0 0
0 0 0.253828 0 0 0 0 0 0 0 0
0 0 0.17978 0 0 0 0 0 0 0 0
0 0 0.224774 0 0 0 0 0 0 0 0
0 0 0.165333 0 0 0 0 0 0 0 0
0 0 0 0 0 0 0 0 0 0 0
0 0 0.239301 0 0 0 0 0 0 0 0
0 0 0.207031 0 0 0 0 0 0 0 0
0 0 0 0 0 0 0 0 0 0 0
0 0 0 0 0 0 0 0 0 0 0
0 0 0.26517 0 0 0 0 0 0 0 0
0 0 0 0 0 0 0 0 0 0 0
0 0 0.318697 0 0 0 0 0 0 0 0
0 0 0.325316 0 0 0 0 0 0 0 0
0 0 0.297954 0 0 0 0 0 0 0 0
0 0 0.329029 0 0 0 0 0 0 0 0
0 0 0.303052 0 0 0 0 0 0 0 0
0 0 0.291885 0 0 0 0 0 0 0 0
0 0 0.337708 0 0 0 0 0 0 0 0
0 0 0.294277 0 0 0 0 0 0 0 0
0 0 0.341171 0 0 0 0 0 0 0 0
0 0 0.126126 0 0 0 0 0 0 0 0
0 0 0.092891 0 0 0 0 0 0 0 0
0 0 0.0927962 0 0 0 0 0 0 0 0
0 0 0.253147 0 0 0 0 0 0 0 0
0 0 0.179487 0 0 0 0 0 0 0 0
0 0 0.224774 0 0 0 0 0 0 0 0
0 0 0.165333 0 0 0 0 0 0 0 0
0 0 0 0 0 0 0 0 0 0 0
0 0 0.238428 0 0 0 0 0 0 0 0
0 0 0.207031 0 0 0 0 0 0 0 0
0 0 0 0 0 0 0 0 0 0 0
0 0 0 0 0 0 0 0 0 0 0
0 0 0.265341 0 0 0 0 0 0 0 0
0 0 0 0 0 0 0 0 0 0 0
0 0 0.318697 0 0 0 0 0 0 0 0
0 0 0.325316 0 0 0 0 0 0 0 0
0 0 0.29834 0 0 0 0 0 0 0 0
0 0 0.329298 0 0 0 0 0 0 0 0
0 0 0.303052 0 0 0 0 0 0 0 0
0 0 0.290916 0 0 0 0 0 0 0 0
0 0 0.337125 0 0 0 0 0 0 0 0
0 0 0.294118 0 0 0 0 0 0 0 0
0 0 0.341171 0 0 0 0 0 0 0 0
0 0 0.126126 0 0 0 0 0 0 0 0
0 0 0.0925118 0 0 0 0 0 0 0 0
0 0 0.253147 0 0 0 0 0 0 0 0
0 0 0.179487 0 0 0 0 0 0 0 0
0 0 0.224774 0 0 0 0 0 0 0 0
0 0 0.165333 0 0 0 0 0 0 0 0
0 0 0 0 0 0 0 0 0 0 0
0 0 0.238428 0 0 0 0 0 0 0 0
0 0 0.207031 0 0 0 0 0 0 0 0
0 0 0 0 0 0 0 0 0 0 0
0 0 0 0 0 0 0 0 0 0 0
0 0 0.266125 0 0 0 0 0 0 0 0
0 0 0 0 0 0 0 0 0 0 0
0 0 0.318697 0 0 0 0 0 0 0 0
0 0 0.325077 0 0 0 0 0 0 0 0
0 0 0.297954 0 0 0 0 0 0 0 0
0 0 0.329298 0 0 0 0 0 0 0 0
0 0 0.302873 0 0 0 0 0 0 0 0
0 0 0.290916 0 0 0 0 0 0 0 0
0 0 0.337708 0 0 0 0 0 0 0 0
0 0 0.293639 0 0 0 0 0 0 0 0
0 0 0.341171 0 0 0 0 0 0 0 0
0 0 0.126126 0 0 0 0 0 0 0 0
0 0 0.0927014 0 0 0 0 0 0 0 0
0 0 0.254868 0 0 0 0 0 0 0 0
0 0 0.179341 0 0 0 0 0 0 0 0
0 0 0.224774 0 0 0 0 0 0 0 0
0 0 0.165333 0 0 0 0 0 0 0 0
0 0 0 0 0 0 0 0 0 0 0
0 0 0.239301 0 0 0 0 0 0 0 0
0 0 0.207031 0 0 0 0 0 0 0 0
0 0 0 0 0 0 0 0 0 0 0
0 0 0 0 0 0 0 0 0 0 0
0 0 0.265779 0 0 0 0 0 0 0 0
0 0 0 0 0 0 0 0 0 0 0
0 0 0.318697 0 0 0 0 0 0 0 0
0 0 0.325316 0 0 0 0 0 0 0 0
0 0 0.297954 0 0 0 0 0 0 0 0
0 0 0.329298 0 0 0 0 0 0 0 0
0 0 0.302695 0 0 0 0 0 0 0 0
0 0 0.290916 0 0 0 0 0 0 0 0
0 0 0.336541 0 0 0 0 0 0 0 0
0 0 0.293799 0 0 0 0 0 0 0 0
0 0 0.341171 0 0 0 0 0 0 0 0
0 0 0.126126 0 0 0 0 0 0 0 0
0 0 0.0927014 0 0 0 0 0 0 0 0
0 0 0.253147 0 0 0 0 0 0 0 0
0 0 0.179487 0 0 0 0 0 0 0 0
0 0 0.224774 0 0 0 0 0 0 0 0
0 0 0.165333 0 0 0 0 0 0 0 0
0 0 0 0 0 0 0 0 0 0 0
0 0 0.238428 0 0 0 0 0 0 0 0
0 0 0.207031 0 0 0 0 0 0 0 0
0 0 0 0 0 0 0 0 0 0 0
0 0 0 0 0 0 0 0 0 0 0
0 0 0.264998 0 0 0 0 0 0 0 0
0 0 0 0 0 0 0 0 0 0 0
0 0 0.318697 0 0 0 0 0 0 0 0
0 0 0.325316 0 0 0 0 0 0 0 0
0 0 0.29834 0 0 0 0 0 0 0 0
0 0 0.329298 0 0 0 0 0 0 0 0
0 0 0.30323 0 0 0 0 0 0 0 0
0 0 0.290916 0 0 0 0 0 0 0 0
0 0 0.337416 0 0 0 0 0 0 0 0
0 0 0.293958 0 0 0 0 0 0 0 0
0 0 0.341171 0 0 0 0 0 0 0 0
0 0 0.126126 0 0 0 0 0 0 0 0
0 0 0.0926067 0 0 0 0 0 0 0 0
0 0 0.145422 0 0 0 0 0 0 0 0
0 0 0.188216 0 0 0 0 0 0 0 0
0 0 0.124595 0 0 0 0 0 0 0 0
0 0 0 0 0 0 0 0 0 0 0
0 0 0.0858148 0 0 0 0 0 0 0 0
0 0 0.128961 0 0 0 0 0 0 0 0
0 0 0.104111 0 0 0 0 0 0 0 0
0 0 0.202875 0 0 0 0 0 0 0 0
0 0 0 0 0 0 0 0 0 0 0
0 0 0.200475 0 0 0 0 0 0 0 0
0 0 0.24233 0 0 0 0 0 0 0 0
0 0 0.188055 0 0 0 0 0 0 0 0
0 0 0.225489 0 0 0 0 0 0 0 0
0 0 0.149117 0 0 0 0 0 0 0 0
0 0 0.143155 0 0 0 0 0 0 0 0
0 0 0.183686 0 0 0 0 0 0 0 0
0 0 0.213362 0 0 0 0 0 0 0 0
0 0 0.145817 0 0 0 0 0 0 0 0
0 0 0.187858 0 0 0 0 0 0 0 0
0 0 0.124194 0 0 0 0 0 0 0 0
0 0 0.149117 0 0 0 0 0 0 0 0
0 0 0.143155 0 0 0 0 0 0 0 0
0 0 0.183932 0 0 0 0 0 0 0 0
0 0 0.218994 0 0 0 0 0 0 0 0
0 0 0 0 0 0 0 0 0 0 0
0 0 0.0871806 0 0 0 0 0 0 0 0
0 0 0.128224 0 0 0 0 0 0 0 0
0 0 0.103441 0 0 0 0 0 0 0 0
0 0 0 0 0 0 0 0 0 0 0
0 0 0 0 0 0 0 0 0 0 0
0 0 0 0 0 0 0 0 0 0 0
0 0 0.202875 0 0 0 0 0 0 0 0
0 0 0 0 0 0 0 0 0 0 0
0 0 0.203564 0 0 0 0 0 0 0 0
0 0 0.244826 0 0 0 0 0 0 0 0
0 0 0.188534 0 0 0 0 0 0 0 0
0 0 0.227086 0 0 0 0 0 0 0 0
0 0 0.208582 0 0 0 0 0 0 0 0
0 0 0.180101 0 0 0 0 0 0 0 0
0 0 0 0 0 0 0 0 0 0 0
0 0 0.250474 0 0 0 0 0 0 0 0
0 0 0.147923 0 0 0 0 0 0 0 0
0 0 0 0 0 0 0 0 0 0 0
0 0 0 0 0 0 0 0 0 0 0
0 0 0 0 0 0 0 0 0 0 0
0 0 0 0 0 0 0 0 0 0 0
0 0 0.0416418 0 0 0 0 0 0 0 0
0 0 0 0 0 0 0 0 0 0 0
0 0 0 0 0 0 0 0 0 0 0
0 0 0 0 0 0 0 0 0 0 0
0 0 0.0748032 0 0 0 0 0 0 0 0
0 0 0.385991 0 0 0 0 0 0 0 0
0 0 0.239001 0 0 0 0 0 0 0 0
0 0 0.144186 0 0 0 0 0 0 0 0
0 0 0.178841 0 0 0 0 0 0 0 0
0 0 0 0 0 0 0 0 0 0 0
0 0 0.250474 0 0 0 0 0 0 0 0
0 0 0.147923 0 0 0 0 0 0 0 0
0 0 0 0 0 0 0 0 0 0 0
0 0 0 0 0 0 0 0 0 0 0
0 0 0 0 0 0 0 0 0 0 0
0 0 0 0 0 0 0 0 0 0 0
0 0 0.0415755 0 0 0 0 0 0 0 0
0 0 0 0 0 0 0 0 0 0 0
0 0 0 0 0 0 0 0 0 0 0
0 0 0 0 0 0 0 0 0 0 0
0 0 0.0740741 0 0 0 0 0 0 0 0
0 0 0.385991 0 0 0 0 0 0 0 0
0 0 0.239001 0 0 0 0 0 0 0 0
0 0 0.144186 0 0 0 0 0 0 0 0
0 0 0.178841 0 0 0 0 0 0 0 0
0 0 0 0 0 0 0 0 0 0 0
0 0 0.250474 0 0 0 0 0 0 0 0
0 0 0.147923 0 0 0 0 0 0 0 0
0 0 0 0 0 0 0 0 0 0 0
0 0 0 0 0 0 0 0 0 0 0
0 0 0 0 0 0 0 0 0 0 0
0 0 0 0 0 0 0 0 0 0 0
0 0 0.0415092 0 0 0 0 0 0 0 0
0 0 0 0 0 0 0 0 0 0 0
0 0 0 0 0 0 0 0 0 0 0
0 0 0 0 0 0 0 0 0 0 0
0 0 0.0754088 0 0 0 0 0 0 0 0
0 0 0.385893 0 0 0 0 0 0 0 0
0 0 0.239001 0 0 0 0 0 0 0 0
0 0 0.143023 0 0 0 0 0 0 0 0
0 0 0.180023 0 0 0 0 0 0 0 0
0 0 0 0 0 0 0 0 0 0 0
0 0 0.0550997 0 0 0 0 0 0 0 0
0 0 0 0 0 0 0 0 0 0 0
0 0 0 0 0 0 0 0 0 0 0
0 0 0 0 0 0 0 0 0 0 0
0 0 0 0 0 0 0 0 0 0 0
0 0 0 0 0 0 0 0 0 0 0
1 0 0.198788 0 0 0 0 15.21 9.55 100 0
0 0 0 0 0 0 0 0 0 0 0
0 0 0.0157499 0 0 0 0 0 0 0 0
0 0 0.0142961 0 0 0 0 0 0 0 0
0 0 0.132584 0 0 0 0 0 0 0 0
0 0 0.143646 0 0 0 0 0 0 0 0
0 0 0.036894 0 0 0 0 0 0 0 0
0 0 0.036894 0 0 0 0 0 0 0 0
0 0 0.036894 0 0 0 0 0 0 0 0
0 0 0 0 0 0 0 0 0 0 0
0 0 0 0 0 0 0 0 0 0 0
0 0 0 0 0 0 0 0 0 0 0
0 0 0 0 0 0 0 0 0 0 0
0 0 0.155959 0 0 0 0 0 0 0 0
0 0 0.157303 0 0 0 0 0 0 0 0
0 0 0.145833 0 0 0 0 0 0 0 0
0 0 0.134115 0 0 0 0 0 0 0 0
0 0 0 0 0 0 0 0 0 0 0
0 0 0 0 0 0 0 0 0 0 0
0 0 0.178628 0 0 0 0 0 0 0 0
0 0 0.178771 0 0 0 0 0 0 0 0
0 0 0 0 0 0 0 0 0 0 0
0 0 0 0 0 0 0 0 0 0 0
0 0 0 0 0 0 0 0 0 0 0
0 0 0.0945695 0 0 0 0 0 0 0 0
0 0 0 0 0 0 0 0 0 0 0
0 0 0.0566415 0 0 0 0 0 0 0 0
0 0 0 0 0 0 0 0 0 0 0
0 0 0 0 0 0 0 0 0 0 0
0 0 0 0 0 0 0 0 0 0 0
0 0 0 0 0 0 0 0 0 0 0
0 0 0 0 0 0 0 0 0 0 0
0 0 0.141392 0 0 0 0 0 0 0 0
0 0 0.143885 0 0 0 0 0 0 0 0
0 0 0.234626 0 0 0 0 0 0 0 0
0 0 0.171869 0 0 0 0 0 0 0 0
0 0 0 0 0 0 0 0 0 0 0
0 0 0 0 0 0 0 0 0 0 0
0 0 0.145604 0 0 0 0 0 0 0 0
0 0 0 0 0 0 0 0 0 0 0
0 0 0 0 0 0 0 0 0 0 0
0 0 0 0 0 0 0 0 0 0 0
0 0 0 0 0 0 0 0 0 0 0
0 0 0 0 0 0 0 0 0 0 0
0 0 0 0 0 0 0 0 0 0 0
0 0 0 0 0 0 0 0 0 0 0
0 0 0 0 0 0 0 0 0 0 0
0 0 0.20369 0 0 0 0 0 0 0 0
0 0 0.0387988 0 0 0 0 0 0 0 0
0 0 0.162471 0 0 0 0 0 0 0 0
1 0 0.193651 0 0 0 0 9.17 5.24 100 0
0 0 0.190418 0 0 0 0 0 0 0 0
0 0 0.181159 0 0 0 0 0 0 0 0
0 0 0.095503 0 0 0 0 0 0 0 0
0 0 0.176944 0 0 0 0 0 0 0 0
0 0 0.0461829 0 0 0 0 0 0 0 0
0 0 0.0451365 0 0 0 0 0 0 0 0
0 0 0.111973 0 0 0 0 0 0 0 0
1 1 0.108761 0 0 0 0 8.75 4.94 100 0
0 0 0.105485 0 0 0 0 0 0 0 0
0 0 0.108676 0 0 0 0 0 0 0 0
0 0 0.132432 0 0 0 0 0 0 0 0
0 0 0.138462 0 0 0 0 0 0 0 0
0 0 0.0668803 0 0 0 0 0 0 0 0
0 0 0.12234 0 0 0 0 0 0 0 0
0 0 0.253353 0 0 0 0 0 0 0 0
0 0 0.207904 0 0 0 0 0 0 0 0
0 0 0.232053 0 0 0 0 0 0 0 0
0 0 0.227621 0 0 0 0 0 0 0 0
0 0 0.178261 0 0 0 0 0 0 0 0
0 0 0.171908 0 0 0 0 0 0 0 0
0 0 0.153436 0 0 0 0 0 0 0 0
0 0 0.235893 0 0 0 0 0 0 0 0
0 0 0.212682 0 0 0 0 0 0 0 0
0 0 0.0888055 0 0 0 0 0 0 0 0
0 0 0.225724 0 0 0 0 0 0 0 0
0 0 0 0 0 0 0 0 0 0 0
0 0 0 0 0 0 0 0 0 0 0
0 0 0 0 0 0 0 0 0 0 0
0 0 0 0 0 0 0 0 0 0 0
0 0 0.147756 0 0 0 0 0 0 0 0
0 0 0 0 0 0 0 0 0 0 0
0 0 0 0 0 0 0 0 0 0 0
0 0 0 0 0 0 0 0 0 0 0
0 0 0 0 0 0 0 0 0 0 0
0 0 0 0 0 0 0 0 0 0 0
0 0 0 0 0 0 0 0 0 0 0
0 0 0 0 0 0 0 0 0 0 0
1 1 0.235131 0 0 0 0 14.23 9.62 100 0
0 0 0 0 0 0 0 0 0 0 0
0 0 0 0 0 0 0 0 0 0 0
0 0 0 0 0 0 0 0 0 0 0
0 0 0 0 0 0 0 0 0 0 0
0 0 0 0 0 0 0 0 0 0 0
0 0 0 0 0 0 0 0 0 0 0
0 0 0 0 0 0 0 0 0 0 0
0 0 0 0 0 0 0 0 0 0 0
0 0 0 0 0 0 0 0 0 0 0
0 0 0 0 0 0 0 0 0 0 0
0 0 0 0 0 0 0 0 0 0 0
0 0 0 0 0 0 0 0 0 0 0
0 0 0 0 0 0 0 0 0 0 0
0 0 0 0 0 0 0 0 0 0 0
0 0 0 0 0 0 0 0 0 0 0
0 0 0 0 0 0 0 0 0 0 0
0 0 0 0 0 0 0 0 0 0 0
0 0 0 0 0 0 0 0 0 0 0
0 0 0 0 0 0 0 0 0 0 0
0 0 0.239382 0 0 0 0 0 0 0 0
0 0 0.156566 0 0 0 0 0 0 0 0
0 0 0.185464 0 0 0 0 0 0 0 0
0 0 0.233067 0 0 0 0 0 0 0 0
0 0 0.192807 0 0 0 0 0 0 0 0
0 0 0 0 0 0 0 0 0 0 0
0 0 0.147756 0 0 0 0 0 0 0 0
0 0 0.116114 0 0 0 0 0 0 0 0
0 0 0.160232 0 0 0 0 0 0 0 0
0 0 0.116114 0 0 0 0 0 0 0 0
0 0 0.160232 0 0 0 0 0 0 0 0
0 0 0.0935739 0 0 0 0 0 0 0 0
0 0 0.144501 0 0 0 0 0 0 0 0
0 0 0.100803 0 0 0 0 0 0 0 0
0 0 0.211795 0 0 0 0 0 0 0 0
0 0 0.164546 0 0 0 0 0 0 0 0
0 0 0.109465 0 0 0 0 0 0 0 0
0 0 0.101733 0 0 0 0 0 0 0 0
0 0 0.211904 0 0 0 0 0 0 0 0
0 0 0.164546 0 0 0 0 0 0 0 0
0 0 0.0228995 0 0 0 0 0 0 0 0
0 0 0.101332 0 0 0 0 0 0 0 0
0 0 0.180073 0 0 0 0 0 0 0 0
0 0 0.140703 0 0 0 0 0 0 0 0
0 0 0 0 0 0 0 0 0 0 0
0 0 0 0 0 0 0 0 0 0 0
0 0 0.163735 0 0 0 0 0 0 0 0
1 1 0.217753 0 0 0 0 15.38 10.28 100 0
0 0 0 0 0 0 0 0 0 0 0
0 0 0.127686 0 0 0 0 0 0 0 0
0 0 0.12911 0 0 0 0 0 0 0 0
0 0 0 0 0 0 0 0 0 0 0
0 0 0 0 0 0 0 0 0 0 0
0 0 0 0 0 0 0 0 0 0 0
0 0 0.211669 0 0 0 0 0 0 0 0
0 0 0.210143 0 0 0 0 0 0 0 0
1 1 0.20915 0 0 0 0 3.03 1.99 100 0
0 0 0.164815 0 0 0 0 0 0 0 0
1 0 0.141509 0 0 0 0 3.08 1.83 100 0
1 0 0.158014 0 0 0 0 3.01 1.71 100 0
0 0 0.175645 0 0 0 0 0 0 0 0
0 0 0.199377 0 0 0 0 0 0 0 0
0 0 0.216398 0 0 0 0 0 0 0 0
0 0 0.233439 0 0 0 0 0 0 0 0
0 0 0.144501 0 0 0 0 0 0 0 0
0 0 0.100803 0 0 0 0 0 0 0 0
0 0 0.211282 0 0 0 0 0 0 0 0
0 0 0.164546 0 0 0 0 0 0 0 0
0 0 0.109465 0 0 0 0 0 0 0 0
0 0 0.101733 0 0 0 0 0 0 0 0
0 0 0.211904 0 0 0 0 0 0 0 0
0 0 0.164546 0 0 0 0 0 0 0 0
0 0 0 0 0 0 0 0 0 0 0
0 0 0 0 0 0 0 0 0 0 0
0 0 0.123804 0 0 0 0 0 0 0 0
0 0 0.201005 0 0 0 0 0 0 0 0
0 0 0 0 0 0 0 0 0 0 0
0 0 0.157333 0 0 0 0 0 0 0 0
0 0 0 0 0 0 0 0 0 0 0
0 0 0.138947 0 0 0 0 0 0 0 0
0 0 0.103664 0 0 0 0 0 0 0 0
0 0 0.128904 0 0 0 0 0 0 0 0
0 0 0 0 0 0 0 0 0 0 0
1 0 0.379118 0 0 0 0 14.49 9.5 21.74 0
1 0 0.188442 0 0 0 0 14.77 8.91 100 0
0 0 0 0 0 0 0 0 0 0 0
0 0 0.127976 0 0 0 0 0 0 0 0
0 0 0.183024 0 0 0 0 0 0 0 0
0 0 0.221328 0 0 0 0 0 0 0 0
0 0 0.166667 0 0 0 0 0 0 0 0
0 0 0.25 0 0 0 0 0 0 0 0
0 0 0.0417407 0 0 0 0 0 0 0 0
0 0 0.127976 0 0 0 0 0 0 0 0
0 0 0.183024 0 0 0 0 0 0 0 0
0 0 0.221328 0 0 0 0 0 0 0 0
0 0 0.166667 0 0 0 0 0 0 0 0
0 0 0.25 0 0 0 0 0 0 0 0
0 0 0 0 0 0 0 0 0 0 0
0 0 0.125257 0 0 0 0 0 0 0 0
0 0 0.144501 0 0 0 0 0 0 0 0
0 0 0.100803 0 0 0 0 0 0 0 0
0 0 0.211282 0 0 0 0 0 0 0 0
0 0 0.164546 0 0 0 0 0 0 0 0
0 0 0.109465 0 0 0 0 0 0 0 0
0 0 0.101288 0 0 0 0 0 0 0 0
0 0 0.211904 0 0 0 0 0 0 0 0
0 0 0.164546 0 0 0 0 0 0 0 0
0 0 0.174419 0 0 0 0 0 0 0 0
0 0 0.132308 0 0 0 0 0 0 0 0
0 0 0.128704 0 0 0 0 0 0 0 0
0 0 0.138272 0 0 0 0 0 0 0 0
0 0 0.11794 0 0 0 0 0 0 0 0
0 0 0.20524 0 0 0 0 0 0 0 0
1 0 0.169231 0 0 0 0 14.46 9.25 100 0
0 0 0.168539 0 0 0 0 0 0 0 0
0 0 0.184704 0 0 0 0 0 0 0 0
1 1 0.223636 0 0 0 0 13.88 10.05 100 0
1 1 0.114525 0 0 0 0 13.42 9.2 100 0
1 1 0.20983 0 0 0 0 14.06 9.64 100 0
1 1 0.20983 0 0 0 0 14.06 9.64 100 0
1 0 0.197411 0 0 0 0 13.58 8.65 100 0
1 0 0.197133 0 0 0 0 14.16 8.83 100 0
1 1 0.157095 0 0 0 0 14.02 9.2 100 0
0 0 0.10059 0 0 0 0 0 0 0 0
0 0 0.11029 0 0 0 0 0 0 0 0
0 0 0.128256 0 0 0 0 0 0 0 0
0 0 0.12757 0 0 0 0 0 0 0 0
0 0 0.240924 0 0 0 0 0 0 0 0
0 0 0.0660609 0 0 0 0 0 0 0 0
0 0 0.127876 0 0 0 0 0 0 0 0
0 0 0.141553 0 0 0 0 0 0 0 0
0 0 0.237548 0 0 0 0 0 0 0 0
0 0 0.177525 0 0 0 0 0 0 0 0
0 0 0.150685 0 0 0 0 0 0 0 0
0 0 0.202121 0 0 0 0 0 0 0 0
0 0 0.232355 0 0 0 0 0 0 0 0
0 0 0.221443 0 0 0 0 0 0 0 0
0 0 0.148165 0 0 0 0 0 0 0 0
0 0 0.15673 0 0 0 0 0 0 0 0
0 0 0.25046 0 0 0 0 0 0 0 0
0 0 0.231595 0 0 0 0 0 0 0 0
0 0 0.233822 0 0 0 0 0 0 0 0
0 0 0.219748 0 0 0 0 0 0 0 0
0 0 0.194748 0 0 0 0 0 0 0 0
0 0 0.194535 0 0 0 0 0 0 0 0
1 1 0.207661 0 0 0 0 16.15 11.05 87.5 0
1 1 0.207661 0 0 0 0 16.4 11.36 87.5 0
0 0 0.166667 0 0 0 0 0 0 0 0
0 0 0.165188 0 0 0 0 0 0 0 0
0 0 0.210965 0 0 0 0 0 0 0 0
1 0 0.14 0 0 0 0 0 0 0 0
0 0 0.179826 0 0 0 0 0 0 0 0
0 0 0.158903 0 0 0 0 0 0 0 0
1 0 0.159453 0 0 0 0 0 0 0 0
0 0 0 0 0 0 0 0 0 0 0
1 1 0.141694 0 0 0 0 13.95 8.42 0 0
0 0 0.175459 0 0 0 0 0 0 0 0
1 0 0.213144 0 0 0 0 14.47 9.33 100 0
0 0 0.212838 0 0 0 0 0 0 0 0
0 0 0.217884 0 0 0 0 0 0 0 0
0 0 0.135434 0 0 0 0 0 0 0 0
0 0 0.134034 0 0 0 0 0 0 0 0
1 1 0.134921 0 0 0 0 8.88 5.96 100 0
1 1 0.149893 0 0 0 0 8.52 5.49 0 0
1 0 0.0879713 0 0 0 0 8.71 5.61 100 0
0 0 0.257709 0 0 0 0 0 0 0 0
1 1 0.126195 0 0 0 0 9.13 6.4 0 0
0 0 0.0753205 0 0 0 0 0 0 0 0
0 0 0.0895522 0 0 0 0 0 0 0 0
0 0 0.0777888 0 0 0 0 0 0 0 0
0 0 0.227675 0 0 0 0 0 0 0 0
0 0 0.201845 0 0 0 0 0 0 0 0
0 0 0.147919 0 0 0 0 0 0 0 0
0 0 0.200924 0 0 0 0 0 0 0 0
0 0 0.203233 0 0 0 0 0 0 0 0
0 0 0.175309 0 0 0 0 0 0 0 0
0 0 0.1425 0 0 0 0 0 0 0 0
0 0 0.146119 0 0 0 0 0 0 0 0
0 0 0.114878 0 0 0 0 0 0 0 0
0 0 0.191558 0 0 0 0 0 0 0 0
0 0 0.284091 0 0 0 0 0 0 0 0
0 0 0.268139 0 0 0 0 0 0 0 0
0 0 0.343656 0 0 0 0 0 0 0 0
0 0 0.246356 0 0 0 0 0 0 0 0
0 0 0.247355 0 0 0 0 0 0 0 0
0 0 0.266741 0 0 0 0 0 0 0 0
0 0 0.183805 0 0 0 0 0 0 0 0
0 0 0.246659 0 0 0 0 0 0 0 0
0 0 0 0 0 0 0 0 0 0 0
0 0 0 0 0 0 0 0 0 0 0
0 0 0 0 0 0 0 0 0 0 0
0 0 0.0753205 0 0 0 0 0 0 0 0
0 0 0.0895522 0 0 0 0 0 0 0 0
0 0 0.0774578 0 0 0 0 0 0 0 0
0 0 0.227675 0 0 0 0 0 0 0 0
0 0 0.201845 0 0 0 0 0 0 0 0
0 0 0.147919 0 0 0 0 0 0 0 0
0 0 0.200924 0 0 0 0 0 0 0 0
0 0 0.203233 0 0 0 0 0 0 0 0
0 0 0.175309 0 0 0 0 0 0 0 0
0 0 0.1425 0 0 0 0 0 0 0 0
0 0 0.146119 0 0 0 0 0 0 0 0
0 0 0.114878 0 0 0 0 0 0 0 0
0 0 0.191558 0 0 0 0 0 0 0 0
0 0 0.284091 0 0 0 0 0 0 0 0
0 0 0.268139 0 0 0 0 0 0 0 0
0 0 0.343656 0 0 0 0 0 0 0 0
0 0 0.246356 0 0 0 0 0 0 0 0
0 0 0.247355 0 0 0 0 0 0 0 0
0 0 0.266741 0 0 0 0 0 0 0 0
0 0 0.183805 0 0 0 0 0 0 0 0
0 0 0.246659 0 0 0 0 0 0 0 0
0 0 0 0 0 0 0 0 0 0 0
0 0 0 0 0 0 0 0 0 0 0
0 0 0 0 0 0 0 0 0 0 0
0 0 0.0753205 0 0 0 0 0 0 0 0
0 0 0.0895522 0 0 0 0 0 0 0 0
0 0 0.0774578 0 0 0 0 0 0 0 0
0 0 0.227675 0 0 0 0 0 0 0 0
0 0 0.201845 0 0 0 0 0 0 0 0
0 0 0.147919 0 0 0 0 0 0 0 0
0 0 0.200924 0 0 0 0 0 0 0 0
0 0 0.203233 0 0 0 0 0 0 0 0
0 0 0.175309 0 0 0 0 0 0 0 0
0 0 0.1425 0 0 0 0 0 0 0 0
0 0 0.146119 0 0 0 0 0 0 0 0
0 0 0.114878 0 0 0 0 0 0 0 0
0 0 0.191558 0 0 0 0 0 0 0 0
0 0 0.284091 0 0 0 0 0 0 0 0
0 0 0.268139 0 0 0 0 0 0 0 0
0 0 0.343656 0 0 0 0 0 0 0 0
0 0 0.246356 0 0 0 0 0 0 0 0
0 0 0.247355 0 0 0 0 0 0 0 0
0 0 0.266741 0 0 0 0 0 0 0 0
0 0 0.183805 0 0 0 0 0 0 0 0
0 0 0.246659 0 0 0 0 0 0 0 0
0 0 0 0 0 0 0 0 0 0 0
0 0 0 0 0 0 0 0 0 0 0
0 0 0 0 0 0 0 0 0 0 0
0 0 0.0753205 0 0 0 0 0 0 0 0
0 0 0.0895522 0 0 0 0 0 0 0 0
0 0 0.0774578 0 0 0 0 0 0 0 0
0 0 0.227675 0 0 0 0 0 0 0 0
0 0 0.201845 0 0 0 0 0 0 0 0
0 0 0.147919 0 0 0 0 0 0 0 0
0 0 0.200924 0 0 0 0 0 0 0 0
0 0 0.203233 0 0 0 0 0 0 0 0
0 0 0.175309 0 0 0 0 0 0 0 0
0 0 0.1425 0 0 0 0 0 0 0 0
0 0 0.146119 0 0 0 0 0 0 0 0
0 0 0.114878 0 0 0 0 0 0 0 0
0 0 0.191558 0 0 0 0 0 0 0 0
0 0 0.284091 0 0 0 0 0 0 0 0
0 0 0.268139 0 0 0 0 0 0 0 0
0 0 0.343656 0 0 0 0 0 0 0 0
0 0 0.246356 0 0 0 0 0 0 0 0
0 0 0.247355 0 0 0 0 0 0 0 0
0 0 0.266741 0 0 0 0 0 0 0 0
0 0 0.183162 0 0 0 0 0 0 0 0
0 0 0.246659 0 0 0 0 0 0 0 0
0 0 0 0 0 0 0 0 0 0 0
0 0 0 0 0 0 0 0 0 0 0
0 0 0 0 0 0 0 0 0 0 0
0 0 0.0753205 0 0 0 0 0 0 0 0
0 0 0.0895522 0 0 0 0 0 0 0 0
0 0 0.0774578 0 0 0 0 0 0 0 0
0 0 0.227675 0 0 0 0 0 0 0 0
0 0 0.201845 0 0 0 0 0 0 0 0
0 0 0.147919 0 0 0 0 0 0 0 0
0 0 0.200924 0 0 0 0 0 0 0 0
0 0 0.203233 0 0 0 0 0 0 0 0
0 0 0.175309 0 0 0 0 0 0 0 0
0 0 0.1425 0 0 0 0 0 0 0 0
0 0 0.146119 0 0 0 0 0 0 0 0
0 0 0.114878 0 0 0 0 0 0 0 0
0 0 0.191558 0 0 0 0 0 0 0 0
0 0 0.284091 0 0 0 0 0 0 0 0
0 0 0.268139 0 0 0 0 0 0 0 0
0 0 0.343656 0 0 0 0 0 0 0 0
0 0 0.246356 0 0 0 0 0 0 0 0
0 0 0.247355 0 0 0 0 0 0 0 0
0 0 0.266741 0 0 0 0 0 0 0 0
0 0 0.183805 0 0 0 0 0 0 0 0
0 0 0.246659 0 0 0 0 0 0 0 0
0 0 0 0 0 0 0 0 0 0 0
0 0 0 0 0 0 0 0 0 0 0
0 0 0 0 0 0 0 0 0 0 0
0 0 0.0753205 0 0 0 0 0 0 0 0
0 0 0.0895522 0 0 0 0 0 0 0 0
0 0 0.0774578 0 0 0 0 0 0 0 0
0 0 0.227675 0 0 0 0 0 0 0 0
0 0 0.201845 0 0 0 0 0 0 0 0
0 0 0.147919 0 0 0 0 0 0 0 0
0 0 0.200924 0 0 0 0 0 0 0 0
0 0 0.203233 0 0 0 0 0 0 0 0
0 0 0.175309 0 0 0 0 0 0 0 0
0 0 0.1425 0 0 0 0 0 0 0 0
0 0 0.146119 0 0 0 0 0 0 0 0
0 0 0.114878 0 0 0 0 0 0 0 0
0 0 0.191558 0 0 0 0 0 0 0 0
0 0 0.284091 0 0 0 0 0 0 0 0
0 0 0.268139 0 0 0 0 0 0 0 0
0 0 0.343656 0 0 0 0 0 0 0 0
0 0 0.246356 0 0 0 0 0 0 0 0
0 0 0.247355 0 0 0 0 0 0 0 0
0 0 0.266741 0 0 0 0 0 0 0 0
0 0 0.183162 0 0 0 0 0 0 0 0
0 0 0.246659 0 0 0 0 0 0 0 0
0 0 0 0 0 0 0 0 0 0 0
0 0 0 0 0 0 0 0 0 0 0
0 0 0 0 0 0 0 0 0 0 0
0 0 0.0753205 0 0 0 0 0 0 0 0
0 0 0.0895522 0 0 0 0 0 0 0 0
0 0 0.0774578 0 0 0 0 0 0 0 0
0 0 0.227675 0 0 0 0 0 0 0 0
0 0 0.201845 0 0 0 0 0 0 0 0
0 0 0.147919 0 0 0 0 0 0 0 0
0 0 0.200924 0 0 0 0 0 0 0 0
0 0 0.203233 0 0 0 0 0 0 0 0
0 0 0.175309 0 0 0 0 0 0 0 0
0 0 0.1425 0 0 0 0 0 0 0 0
0 0 0.146119 0 0 0 0 0 0 0 0
0 0 0.114878 0 0 0 0 0 0 0 0
0 0 0.191558 0 0 0 0 0 0 0 0
0 0 0.284091 0 0 0 0 0 0 0 0
0 0 0.268139 0 0 0 0 0 0 0 0
0 0 0.343656 0 0 0 0 0 0 0 0
0 0 0.246356 0 0 0 0 0 0 0 0
0 0 0.247355 0 0 0 0 0 0 0 0
0 0 0.266741 0 0 0 0 0 0 0 0
0 0 0.183162 0 0 0 0 0 0 0 0
0 0 0.246659 0 0 0 0 0 0 0 0
0 0 0 0 0 0 0 0 0 0 0
0 0 0 0 0 0 0 0 0 0 0
0 0 0 0 0 0 0 0 0 0 0
0 0 0.0753205 0 0 0 0 0 0 0 0
0 0 0.0895522 0 0 0 0 0 0 0 0
0 0 0.0774578 0 0 0 0 0 0 0 0
0 0 0.227675 0 0 0 0 0 0 0 0
0 0 0.201845 0 0 0 0 0 0 0 0
0 0 0.147919 0 0 0 0 0 0 0 0
0 0 0.200924 0 0 0 0 0 0 0 0
0 0 0.203233 0 0 0 0 0 0 0 0
0 0 0.175309 0 0 0 0 0 0 0 0
0 0 0.1425 0 0 0 0 0 0 0 0
0 0 0.146119 0 0 0 0 0 0 0 0
0 0 0.114878 0 0 0 0 0 0 0 0
0 0 0.191558 0 0 0 0 0 0 0 0
0 0 0.284091 0 0 0 0 0 0 0 0
0 0 0.268139 0 0 0 0 0 0 0 0
0 0 0.343656 0 0 0 0 0 0 0 0
0 0 0.246356 0 0 0 0 0 0 0 0
0 0 0.247355 0 0 0 0 0 0 0 0
0 0 0.266741 0 0 0 0 0 0 0 0
0 0 0.183805 0 0 0 0 0 0 0 0
0 0 0.246659 0 0 0 0 0 0 0 0
0 0 0 0 0 0 0 0 0 0 0
0 0 0 0 0 0 0 0 0 0 0
0 0 0 0 0 0 0 0 0 0 0
0 0 0.0753205 0 0 0 0 0 0 0 0
0 0 0.0895522 0 0 0 0 0 0 0 0
0 0 0.0774578 0 0 0 0 0 0 0 0
0 0 0.227675 0 0 0 0 0 0 0 0
0 0 0.201845 0 0 0 0 0 0 0 0
0 0 0.147919 0 0 0 0 0 0 0 0
0 0 0.200924 0 0 0 0 0 0 0 0
0 0 0.203233 0 0 0 0 0 0 0 0
0 0 0.175309 0 0 0 0 0 0 0 0
0 0 0.1425 0 0 0 0 0 0 0 0
0 0 0.146119 0 0 0 0 0 0 0 0
0 0 0.114878 0 0 0 0 0 0 0 0
0 0 0.191558 0 0 0 0 0 0 0 0
0 0 0.284091 0 0 0 0 0 0 0 0
0 0 0.268139 0 0 0 0 0 0 0 0
0 0 0.343656 0 0 0 0 0 0 0 0
0 0 0.246356 0 0 0 0 0 0 0 0
0 0 0.247355 0 0 0 0 0 0 0 0
0 0 0.266741 0 0 0 0 0 0 0 0
0 0 0.183805 0 0 0 0 0 0 0 0
0 0 0.246659 0 0 0 0 0 0 0 0
0 0 0 0 0 0 0 0 0 0 0
0 0 0 0 0 0 0 0 0 0 0
0 0 0 0 0 0 0 0 0 0 0
0 0 0.0753205 0 0 0 0 0 0 0 0
0 0 0.0895522 0 0 0 0 0 0 0 0
0 0 0.0774578 0 0 0 0 0 0 0 0
0 0 0.227675 0 0 0 0 0 0 0 0
0 0 0.201845 0 0 0 0 0 0 0 0
0 0 0.147919 0 0 0 0 0 0 0 0
0 0 0.200924 0 0 0 0 0 0 0 0
0 0 0.203233 0 0 0 0 0 0 0 0
0 0 0.175309 0 0 0 0 0 0 0 0
0 0 0.1425 0 0 0 0 0 0 0 0
0 0 0.146119 0 0 0 0 0 0 0 0
0 0 0.114878 0 0 0 0 0 0 0 0
0 0 0.191558 0 0 0 0 0 0 0 0
0 0 0.284091 0 0 0 0 0 0 0 0
0 0 0.268139 0 0 0 0 0 0 0 0
0 0 0.343656 0 0 0 0 0 0 0 0
0 0 0.246356 0 0 0 0 0 0 0 0
0 0 0.247355 0 0 0 0 0 0 0 0
0 0 0.266741 0 0 0 0 0 0 0 0
0 0 0.184447 0 0 0 0 0 0 0 0
0 0 0.246659 0 0 0 0 0 0 0 0
0 0 0 0 0 0 0 0 0 0 0
0 0 0 0 0 0 0 0 0 0 0
0 0 0 0 0 0 0 0 0 0 0
0 0 0.0753205 0 0 0 0 0 0 0 0
0 0 0.0895522 0 0 0 0 0 0 0 0
0 0 0.0774578 0 0 0 0 0 0 0 0
0 0 0.227675 0 0 0 0 0 0 0 0
0 0 0.201845 0 0 0 0 0 0 0 0
0 0 0.147919 0 0 0 0 0 0 0 0
0 0 0.200924 0 0 0 0 0 0 0 0
0 0 0.203233 0 0 0 0 0 0 0 0
0 0 0.175309 0 0 0 0 0 0 0 0
0 0 0.1425 0 0 0 0 0 0 0 0
0 0 0.146119 0 0 0 0 0 0 0 0
0 0 0.114878 0 0 0 0 0 0 0 0
0 0 0.191558 0 0 0 0 0 0 0 0
0 0 0.284091 0 0 0 0 0 0 0 0
0 0 0.268139 0 0 0 0 0 0 0 0
0 0 0.343656 0 0 0 0 0 0 0 0
0 0 0.246356 0 0 0 0 0 0 0 0
0 0 0.247355 0 0 0 0 0 0 0 0
0 0 0.266741 0 0 0 0 0 0 0 0
0 0 0.183805 0 0 0 0 0 0 0 0
0 0 0.246659 0 0 0 0 0 0 0 0
0 0 0 0 0 0 0 0 0 0 0
0 0 0 0 0 0 0 0 0 0 0
0 0 0 0 0 0 0 0 0 0 0
0 0 0.0753205 0 0 0 0 0 0 0 0
0 0 0.0895522 0 0 0 0 0 0 0 0
0 0 0.0774578 0 0 0 0 0 0 0 0
0 0 0.227675 0 0 0 0 0 0 0 0
0 0 0.201845 0 0 0 0 0 0 0 0
0 0 0.147919 0 0 0 0 0 0 0 0
0 0 0.200924 0 0 0 0 0 0 0 0
0 0 0.203233 0 0 0 0 0 0 0 0
0 0 0.175309 0 0 0 0 0 0 0 0
0 0 0.1425 0 0 0 0 0 0 0 0
0 0 0.146119 0 0 0 0 0 0 0 0
0 0 0.114878 0 0 0 0 0 0 0 0
0 0 0.191558 0 0 0 0 0 0 0 0
0 0 0.284091 0 0 0 0 0 0 0 0
0 0 0.268139 0 0 0 0 0 0 0 0
0 0 0.343656 0 0 0 0 0 0 0 0
0 0 0.246356 0 0 0 0 0 0 0 0
0 0 0.247355 0 0 0 0 0 0 0 0
0 0 0.266741 0 0 0 0 0 0 0 0
0 0 0.183805 0 0 0 0 0 0 0 0
0 0 0.246659 0 0 0 0 0 0 0 0
0 0 0 0 0 0 0 0 0 0 0
0 0 0 0 0 0 0 0 0 0 0
0 0 0 0 0 0 0 0 0 0 0
0 0 0.0753205 0 0 0 0 0 0 0 0
0 0 0.0895522 0 0 0 0 0 0 0 0
1 1 0.27095 0 0 0 0 0.3 0.38 86.67 0
0 0 0.112631 0 0 0 0 0 0 0 0
0 0 0.201845 0 0 0 0 0 0 0 0
0 0 0.147919 0 0 0 0 0 0 0 0
0 0 0.200924 0 0 0 0 0 0 0 0
0 0 0.203233 0 0 0 0 0 0 0 0
0 0 0.175309 0 0 0 0 0 0 0 0
0 0 0.1425 0 0 0 0 0 0 0 0
0 0 0.146119 0 0 0 0 0 0 0 0
0 0 0.114878 0 0 0 0 0 0 0 0
0 0 0.191558 0 0 0 0 0 0 0 0
0 0 0.284091 0 0 0 0 0 0 0 0
0 0 0.268139 0 0 0 0 0 0 0 0
0 0 0.343656 0 0 0 0 0 0 0 0
0 0 0.246356 0 0 0 0 0 0 0 0
0 0 0.247355 0 0 0 0 0 0 0 0
0 0 0.266741 0 0 0 0 0 0 0 0
0 0 0.183805 0 0 0 0 0 0 0 0
0 0 0.246659 0 0 0 0 0 0 0 0
0 0 0 0 0 0 0 0 0 0 0
0 0 0 0 0 0 0 0 0 0 0
0 0 0 0 0 0 0 0 0 0 0
0 0 0.0753205 0 0 0 0 0 0 0 0
0 0 0.0895522 0 0 0 0 0 0 0 0
0 0 0.0774578 0 0 0 0 0 0 0 0
0 0 0.227675 0 0 0 0 0 0 0 0
0 0 0.201845 0 0 0 0 0 0 0 0
0 0 0.147919 0 0 0 0 0 0 0 0
0 0 0.200924 0 0 0 0 0 0 0 0
0 0 0.203233 0 0 0 0 0 0 0 0
0 0 0.175309 0 0 0 0 0 0 0 0
0 0 0.1425 0 0 0 0 0 0 0 0
0 0 0.146119 0 0 0 0 0 0 0 0
0 0 0.114878 0 0 0 0 0 0 0 0
0 0 0.191558 0 0 0 0 0 0 0 0
0 0 0.284091 0 0 0 0 0 0 0 0
0 0 0.268139 0 0 0 0 0 0 0 0
0 0 0.343656 0 0 0 0 0 0 0 0
0 0 0.246356 0 0 0 0 0 0 0 0
0 0 0.247355 0 0 0 0 0 0 0 0
0 0 0.266741 0 0 0 0 0 0 0 0
0 0 0.183162 0 0 0 0 0 0 0 0
0 0 0.246659 0 0 0 0 0 0 0 0
0 0 0 0 0 0 0 0 0 0 0
0 0 0 0 0 0 0 0 0 0 0
0 0 0 0 0 0 0 0 0 0 0
0 0 0.0753205 0 0 0 0 0 0 0 0
0 0 0.0895522 0 0 0 0 0 0 0 0
0 0 0.0774578 0 0 0 0 0 0 0 0
0 0 0.227675 0 0 0 0 0 0 0 0
0 0 0.201845 0 0 0 0 0 0 0 0
0 0 0.147919 0 0 0 0 0 0 0 0
0 0 0.200924 0 0 0 0 0 0 0 0
0 0 0.203233 0 0 0 0 0 0 0 0
0 0 0.175309 0 0 0 0 0 0 0 0
0 0 0.1425 0 0 0 0 0 0 0 0
0 0 0.146119 0 0 0 0 0 0 0 0
0 0 0.114878 0 0 0 0 0 0 0 0
0 0 0.191558 0 0 0 0 0 0 0 0