1 1 0.945289 0 0 0 0 10.83 6.58 0 0
1 1 0.945289 0 0 0 0 10.81 6.58 0 0
1 1 0.945289 0 0 0 0 10.61 6.44 0 0
0 0 0.210332 0 0 0 0 0 0 0 0
0 0 0.333074 0 0 0 0 0 0 0 0
1 1 0.767327 0 0 0 0 25.4 18.11 80 0
1 1 0.802885 0 0 0 0 25.96 18.72 80 0
1 1 0.509615 0 0 0 0 9.39 5.59 87.5 0
1 1 0.388889 0 0 0 0 16.69 11.12 87.5 0
0 0 0.488479 0 0 0 0 0 0 0 0
0 0 0.534653 0 0 0 0 0 0 0 0
0 0 0.575251 0 0 0 0 0 0 0 0
0 0 0.667257 0 0 0 0 0 0 0 0
0 0 0.284836 0 0 0 0 0 0 0 0
0 0 0.747253 0 0 0 0 0 0 0 0
0 0 0.4375 0 0 0 0 0 0 0 0
0 0 0.299659 0 0 0 0 0 0 0 0
0 0 0.197304 0 0 0 0 0 0 0 0
1 0 0.410569 0 0 0 0 10.09 5.72 37.5 0
0 0 0.180645 0 0 0 0 0 0 0 0
0 0 0.144928 0 0 0 0 0 0 0 0
1 1 0.633929 0 0 0 0 10.74 5.9 100 0
0 0 0.802452 0 0 0 0 0 0 0 0
1 0 0.719577 0 0 0 0 10.39 6.29 100 0
1 1 0.857143 0 0 0 0 12.55 7.79 100 0
1 1 0.854167 0 0 0 0 12.55 7.79 100 0
0 0 0.0302703 0 0 0 0 0 0 0 0
0 0 0.0982962 0 0 0 0 0 0 0 0
0 0 0.419929 0 0 0 0 0 0 0 0
1 1 0.444056 0 0 0 0 13.39 8.69 100 0
1 0 0.359712 0 0 0 0 13.08 8.81 100 0
0 0 0.518919 0 0 0 0 0 0 0 0
0 0 0.219247 0 0 0 0 0 0 0 0
1 0 0.460507 0 0 0 0 13.73 9.38 100 0
1 0 0.385321 0 0 0 0 13.29 10.66 100 0
0 0 0.497942 0 0 0 0 0 0 0 0
0 0 0.0619891 0 0 0 0 0 0 0 0
1 1 0.891089 0 0 0 0 10.68 6.16 100 0
0 0 0.638095 0 0 0 0 0 0 0 0
0 0 0.274725 0 0 0 0 0 0 0 0
0 0 0.304734 0 0 0 0 0 0 0 0
0 0 0.502381 0 0 0 0 0 0 0 0
0 0 0.204289 0 0 0 0 0 0 0 0
0 0 0.381868 0 0 0 0 0 0 0 0
0 0 0.384615 0 0 0 0 0 0 0 0
0 0 0.37691 0 0 0 0 0 0 0 0
0 0 0.319735 0 0 0 0 0 0 0 0
0 0 0.341772 0 0 0 0 0 0 0 0
0 0 0.452012 0 0 0 0 0 0 0 0
0 0 0.789474 0 0 0 0 0 0 0 0
0 0 0.57931 0 0 0 0 0 0 0 0
0 0 0.576389 0 0 0 0 0 0 0 0
0 0 0.538922 0 0 0 0 0 0 0 0
0 0 0.515306 0 0 0 0 0 0 0 0
0 0 0.480916 0 0 0 0 0 0 0 0
0 0 0.741573 0 0 0 0 0 0 0 0
0 0 0.887324 0 0 0 0 0 0 0 0
0 0 0.397772 0 0 0 0 0 0 0 0
0 0 0.523438 0 0 0 0 0 0 0 0
0 0 0.828829 0 0 0 0 0 0 0 0
0 0 0.297959 0 0 0 0 0 0 0 0
0 0 0.302632 0 0 0 0 0 0 0 0
0 0 0.240816 0 0 0 0 0 0 0 0
0 0 0.620253 0 0 0 0 0 0 0 0
0 0 0.199115 0 0 0 0 0 0 0 0
0 0 0.175676 0 0 0 0 0 0 0 0
0 0 0.664789 0 0 0 0 0 0 0 0
0 0 0.234513 0 0 0 0 0 0 0 0
0 0 0.228907 0 0 0 0 0 0 0 0
0 0 0.506383 0 0 0 0 0 0 0 0
0 0 0.361111 0 0 0 0 0 0 0 0
0 0 0.407143 0 0 0 0 0 0 0 0
0 0 0.271111 0 0 0 0 0 0 0 0
0 0 0.300131 0 0 0 0 0 0 0 0
0 0 0.457655 0 0 0 0 0 0 0 0
0 0 0.318482 0 0 0 0 0 0 0 0
0 0 0.281421 0 0 0 0 0 0 0 0
0 0 0.246398 0 0 0 0 0 0 0 0
0 0 0.350711 0 0 0 0 0 0 0 0
0 0 0.438172 0 0 0 0 0 0 0 0
0 0 0.330615 0 0 0 0 0 0 0 0
0 0 0.673684 0 0 0 0 0 0 0 0
0 0 0.362287 0 0 0 0 0 0 0 0
0 0 0.502381 0 0 0 0 0 0 0 0
0 0 0.238168 0 0 0 0 0 0 0 0
0 0 0.21151 0 0 0 0 0 0 0 0
0 0 0.381868 0 0 0 0 0 0 0 0
0 0 0.384615 0 0 0 0 0 0 0 0
0 0 0.37691 0 0 0 0 0 0 0 0
0 0 0.362734 0 0 0 0 0 0 0 0
0 0 0.333861 0 0 0 0 0 0 0 0
0 0 0.452012 0 0 0 0 0 0 0 0
0 0 0.789474 0 0 0 0 0 0 0 0
0 0 0.57931 0 0 0 0 0 0 0 0
0 0 0.576389 0 0 0 0 0 0 0 0
0 0 0.538922 0 0 0 0 0 0 0 0
0 0 0.515306 0 0 0 0 0 0 0 0
0 0 0.480916 0 0 0 0 0 0 0 0
0 0 0.741573 0 0 0 0 0 0 0 0
0 0 0.887324 0 0 0 0 0 0 0 0
0 0 0.390564 0 0 0 0 0 0 0 0
0 0 0.453125 0 0 0 0 0 0 0 0
0 0 0.828829 0 0 0 0 0 0 0 0
0 0 0.297959 0 0 0 0 0 0 0 0
0 0 0.302632 0 0 0 0 0 0 0 0
0 0 0.240816 0 0 0 0 0 0 0 0
0 0 0.620253 0 0 0 0 0 0 0 0
0 0 0.199115 0 0 0 0 0 0 0 0
0 0 0.175676 0 0 0 0 0 0 0 0
0 0 0.664789 0 0 0 0 0 0 0 0
0 0 0.234513 0 0 0 0 0 0 0 0
0 0 0.228907 0 0 0 0 0 0 0 0
0 0 0.506383 0 0 0 0 0 0 0 0
0 0 0.361111 0 0 0 0 0 0 0 0
0 0 0.407143 0 0 0 0 0 0 0 0
0 0 0.271111 0 0 0 0 0 0 0 0
0 0 0.300131 0 0 0 0 0 0 0 0
0 0 0.457655 0 0 0 0 0 0 0 0
0 0 0.318482 0 0 0 0 0 0 0 0
0 0 0.281421 0 0 0 0 0 0 0 0
0 0 0.246398 0 0 0 0 0 0 0 0
0 0 0.350711 0 0 0 0 0 0 0 0
0 0 0.438172 0 0 0 0 0 0 0 0
0 0 0.330615 0 0 0 0 0 0 0 0
0 0 0.673684 0 0 0 0 0 0 0 0
0 0 0.362287 0 0 0 0 0 0 0 0
0 0 0.2 0 0 0 0 0 0 0 0
0 0 0.0609319 0 0 0 0 0 0 0 0
0 0 0.1875 0 0 0 0 0 0 0 0
1 1 0.529534 0 0 0 0 12.45 6.92 53.85 0
0 0 0.678788 0 0 0 0 0 0 0 0
1 1 0.364706 0 0 0 0 14.97 9.57 100 0
0 0 0.545977 0 0 0 0 0 0 0 0
0 0 0.531746 0 0 0 0 0 0 0 0
0 0 0.793651 0 0 0 0 0 0 0 0
1 1 0.781421 0 0 0 0 15.45 10.15 100 0
0 0 0.0486487 0 0 0 0 0 0 0 0
0 0 0.136029 0 0 0 0 0 0 0 0
0 0 0.213636 0 0 0 0 0 0 0 0
1 1 0.398305 0 0 0 0 15.04 9.81 100 0
1 1 0.757798 0 0 0 0 9.3 5.14 75 0
1 1 0.663327 0 0 0 0 9.32 5.14 73.33 0
1 1 0.567708 0 0 0 0 13.34 8.75 100 0
0 0 0.458973 0 0 0 0 0 0 0 0
0 0 0.409449 0 0 0 0 0 0 0 0
1 1 0.427632 0 0 0 0 14.85 9.65 100 0
1 1 0.437262 0 0 0 0 15.61 10.58 100 0
1 1 0.523936 0 0 0 0 15.92 11.11 100 0
1 1 0.450758 0 0 0 0 15.6 10.68 75 0
1 0 0.594132 0 0 0 0 14.36 9.19 46.67 0
1 1 0.808219 0 0 0 0 16.04 10.5 100 0
1 1 0.77707 0 0 0 0 13.72 8.45 100 0
0 0 0.776371 0 0 0 0 0 0 0 0
1 1 0.431072 0 0 0 0 14.16 8.98 80 0
0 0 0.594972 0 0 0 0 0 0 0 0
0 0 0.354651 0 0 0 0 0 0 0 0
1 1 0.633212 0 0 0 0 13.24 8.02 0 0
1 1 0.559767 0 0 0 0 13.18 8.02 0 0
1 1 0.77707 0 0 0 0 13.72 8.45 100 0
0 0 0.776371 0 0 0 0 0 0 0 0
1 1 0.431072 0 0 0 0 14.16 8.98 80 0
0 0 0.594972 0 0 0 0 0 0 0 0
0 0 0.354651 0 0 0 0 0 0 0 0
1 1 0.633212 0 0 0 0 13.24 8.02 0 0
1 1 0.559767 0 0 0 0 13.18 8.02 0 0
1 1 0.77707 0 0 0 0 13.72 8.45 100 0
0 0 0.776371 0 0 0 0 0 0 0 0
1 1 0.431072 0 0 0 0 14.16 8.98 80 0
0 0 0.594972 0 0 0 0 0 0 0 0
0 0 0.354651 0 0 0 0 0 0 0 0
1 1 0.633212 0 0 0 0 13.24 8.02 0 0
1 1 0.559767 0 0 0 0 13.18 8.02 0 0
1 1 0.77707 0 0 0 0 13.72 8.45 100 0
0 0 0.776371 0 0 0 0 0 0 0 0
1 1 0.431072 0 0 0 0 14.16 8.98 80 0
0 0 0.594972 0 0 0 0 0 0 0 0
0 0 0.354651 0 0 0 0 0 0 0 0
1 1 0.633212 0 0 0 0 13.24 8.02 0 0
1 1 0.559767 0 0 0 0 13.18 8.02 0 0
1 1 0.77707 0 0 0 0 13.72 8.45 100 0
0 0 0.776371 0 0 0 0 0 0 0 0
1 1 0.431072 0 0 0 0 14.16 8.98 80 0
0 0 0.594972 0 0 0 0 0 0 0 0
0 0 0.354651 0 0 0 0 0 0 0 0
1 1 0.633212 0 0 0 0 13.24 8.02 0 0
1 1 0.559767 0 0 0 0 13.18 8.02 0 0
0 0 0.106231 0 0 0 0 0 0 0 0
1 1 0.555963 0 0 0 0 8.62 5 53.85 0
0 0 0.752577 0 0 0 0 0 0 0 0
0 0 0.620283 0 0 0 0 0 0 0 0
1 1 0.707865 0 0 0 0 8.82 4.98 63.64 0
1 1 0.677419 0 0 0 0 9.53 5.78 87.5 0
0 0 0.921488 0 0 0 0 0 0 0 0
0 0 0.263158 0 0 0 0 0 0 0 0
0 0 0.235772 0 0 0 0 0 0 0 0
1 1 0.0971039 0 0 0 0 9.07 5.2 0 0
0 0 0.581688 0 0 0 0 0 0 0 0
0 0 0.218543 0 0 0 0 0 0 0 0
0 0 0.205298 0 0 0 0 0 0 0 0
0 0 0.367304 0 0 0 0 0 0 0 0
0 0 0.565217 0 0 0 0 0 0 0 0
0 0 0.4375 0 0 0 0 0 0 0 0
1 0 0.527638 0 0 0 0 0 0 0 0
0 0 0.201299 0 0 0 0 0 0 0 0
0 0 0.246886 0 0 0 0 0 0 0 0
0 0 0.320138 0 0 0 0 0 0 0 0
0 0 0.489247 0 0 0 0 0 0 0 0
0 0 0.346369 0 0 0 0 0 0 0 0
0 0 0.15508 0 0 0 0 0 0 0 0
0 0 0.191589 0 0 0 0 0 0 0 0
1 1 0.315372 0 0 0 0 11.25 8.28 100 0
0 0 0.246242 0 0 0 0 0 0 0 0
0 0 0.59703 0 0 0 0 0 0 0 0
0 0 0.489712 0 0 0 0 0 0 0 0
1 0 0.601942 0 0 0 0 12.69 7.75 100 0
0 0 0.396226 0 0 0 0 0 0 0 0
0 0 0.193093 0 0 0 0 0 0 0 0
0 0 0.423664 0 0 0 0 0 0 0 0
0 0 0.47971 0 0 0 0 0 0 0 0
0 0 0.408727 0 0 0 0 0 0 0 0
0 0 0.634014 0 0 0 0 0 0 0 0
0 0 0.396574 0 0 0 0 0 0 0 0
0 0 0.47027 0 0 0 0 0 0 0 0
1 0 0.543046 0 0 0 0 13.87 8.88 100 0
0 0 0.783198 0 0 0 0 0 0 0 0
1 1 0.821429 0 0 0 0 10.53 6.21 77.78 0
1 1 0.943534 0 0 0 0 10.68 5.75 50 0
1 1 0.698842 0 0 0 0 10.86 6.62 100 0
1 1 0.575499 0 0 0 0 10.69 6.37 83.33 0
1 1 0.59127 0 0 0 0 10.38 5.8 90.91 0
0 0 0.783198 0 0 0 0 0 0 0 0
1 1 0.821429 0 0 0 0 10.53 6.21 77.78 0
1 1 0.943534 0 0 0 0 10.68 5.75 50 0
1 1 0.698842 0 0 0 0 10.86 6.62 100 0
1 1 0.575499 0 0 0 0 10.69 6.37 83.33 0
1 1 0.59127 0 0 0 0 10.38 5.8 90.91 0
0 0 0.783198 0 0 0 0 0 0 0 0
1 1 0.821429 0 0 0 0 10.53 6.21 77.78 0
1 1 0.943534 0 0 0 0 10.68 5.75 50 0
1 1 0.698842 0 0 0 0 10.86 6.62 100 0
1 1 0.575499 0 0 0 0 10.69 6.37 83.33 0
1 1 0.59127 0 0 0 0 10.38 5.8 90.91 0
0 0 0.334975 0 0 0 0 0 0 0 0
1 0 0.364286 0 0 0 0 0 0 0 0
0 0 0.334975 0 0 0 0 0 0 0 0
1 0 0.364286 0 0 0 0 0 0 0 0
0 0 0.42437 0 0 0 0 0 0 0 0
1 0 0.435714 0 0 0 0 0 0 0 0
0 0 0.321981 0 0 0 0 0 0 0 0
0 0 0.18797 0 0 0 0 0 0 0 0
0 0 0.0810606 0 0 0 0 0 0 0 0
0 0 0.155509 0 0 0 0 0 0 0 0
0 0 0.313259 0 0 0 0 0 0 0 0
0 0 0.530864 0 0 0 0 0 0 0 0
0 0 0.1346 0 0 0 0 0 0 0 0
0 0 0.257607 0 0 0 0 0 0 0 0
0 0 0.5375 0 0 0 0 0 0 0 0
0 0 0.359684 0 0 0 0 0 0 0 0
0 0 0.413625 0 0 0 0 0 0 0 0
0 0 0.523617 0 0 0 0 0 0 0 0
0 0 0.466921 0 0 0 0 0 0 0 0
0 0 0.126496 0 0 0 0 0 0 0 0
0 0 0.135922 0 0 0 0 0 0 0 0
0 0 0.140206 0 0 0 0 0 0 0 0
0 0 0.211921 0 0 0 0 0 0 0 0
0 0 0.236662 0 0 0 0 0 0 0 0
0 0 0.465057 0 0 0 0 0 0 0 0
0 0 0.338215 0 0 0 0 0 0 0 0
0 0 0.200694 0 0 0 0 0 0 0 0
0 0 0.228967 0 0 0 0 0 0 0 0
0 0 0.197814 0 0 0 0 0 0 0 0
0 0 0.0879498 0 0 0 0 0 0 0 0
0 0 0.362676 0 0 0 0 0 0 0 0
0 0 0.518586 0 0 0 0 0 0 0 0
0 0 0.336784 0 0 0 0 0 0 0 0
0 0 0.303492 0 0 0 0 0 0 0 0
0 0 0.291966 0 0 0 0 0 0 0 0
0 0 0.308558 0 0 0 0 0 0 0 0
0 0 0.333333 0 0 0 0 0 0 0 0
0 0 0.248236 0 0 0 0 0 0 0 0
0 0 0.0616246 0 0 0 0 0 0 0 0
0 0 0.30558 0 0 0 0 0 0 0 0
0 0 0.369733 0 0 0 0 0 0 0 0
0 0 0.373582 0 0 0 0 0 0 0 0
0 0 0.331827 0 0 0 0 0 0 0 0
0 0 0.486878 0 0 0 0 0 0 0 0
0 0 0.133703 0 0 0 0 0 0 0 0
0 0 0.236332 0 0 0 0 0 0 0 0
0 0 0.5375 0 0 0 0 0 0 0 0
0 0 0.3592 0 0 0 0 0 0 0 0
0 0 0.452174 0 0 0 0 0 0 0 0
0 0 0.522267 0 0 0 0 0 0 0 0
0 0 0.423935 0 0 0 0 0 0 0 0
0 0 0.170635 0 0 0 0 0 0 0 0
0 0 0.0971217 0 0 0 0 0 0 0 0
0 0 0.0974244 0 0 0 0 0 0 0 0
0 0 0.0599334 0 0 0 0 0 0 0 0
0 0 0.0910995 0 0 0 0 0 0 0 0
0 0 0.066577 0 0 0 0 0 0 0 0
0 0 0.0818182 0 0 0 0 0 0 0 0
0 0 0.259571 0 0 0 0 0 0 0 0
0 0 0.522267 0 0 0 0 0 0 0 0
0 0 0.408966 0 0 0 0 0 0 0 0
0 0 0.0208628 0 0 0 0 0 0 0 0
0 0 0.884097 0 0 0 0 0 0 0 0
0 0 0.540571 0 0 0 0 0 0 0 0
0 0 0.616295 0 0 0 0 0 0 0 0
0 0 0.438234 0 0 0 0 0 0 0 0
0 0 0.386142 0 0 0 0 0 0 0 0
0 0 0.452692 0 0 0 0 0 0 0 0
0 0 0.508219 0 0 0 0 0 0 0 0
0 0 0.63871 0 0 0 0 0 0 0 0
0 0 0.595238 0 0 0 0 0 0 0 0
0 0 0.348259 0 0 0 0 0 0 0 0
0 0 0.440922 0 0 0 0 0 0 0 0
0 0 0.63871 0 0 0 0 0 0 0 0
0 0 0.595238 0 0 0 0 0 0 0 0
0 0 0.263074 0 0 0 0 0 0 0 0
0 0 0.347471 0 0 0 0 0 0 0 0
0 0 0.50678 0 0 0 0 0 0 0 0
0 0 0.317449 0 0 0 0 0 0 0 0
0 0 0.235269 0 0 0 0 0 0 0 0
0 0 0.356135 0 0 0 0 0 0 0 0
0 0 0.22063 0 0 0 0 0 0 0 0
0 0 0.297183 0 0 0 0 0 0 0 0
0 0 0.481481 0 0 0 0 0 0 0 0
0 0 0.421702 0 0 0 0 0 0 0 0
0 0 0.63871 0 0 0 0 0 0 0 0
0 0 0.595238 0 0 0 0 0 0 0 0
0 0 0.263074 0 0 0 0 0 0 0 0
0 0 0.338544 0 0 0 0 0 0 0 0
0 0 0.440233 0 0 0 0 0 0 0 0
0 0 0.682203 0 0 0 0 0 0 0 0
0 0 0.129436 0 0 0 0 0 0 0 0
0 0 0.0787879 0 0 0 0 0 0 0 0
0 0 0.0321205 0 0 0 0 0 0 0 0
0 0 0.211589 0 0 0 0 0 0 0 0
0 0 0.182353 0 0 0 0 0 0 0 0
0 0 0.171254 0 0 0 0 0 0 0 0
0 0 0.209205 0 0 0 0 0 0 0 0
0 0 0.225806 0 0 0 0 0 0 0 0
0 0 0.207254 0 0 0 0 0 0 0 0
1 1 0.494559 0 0 0 0 10.4 7.99 100 0
0 0 0.283898 0 0 0 0 0 0 0 0
0 0 0.682203 0 0 0 0 0 0 0 0
0 0 0.129436 0 0 0 0 0 0 0 0
0 0 0.0787879 0 0 0 0 0 0 0 0
0 0 0.0321205 0 0 0 0 0 0 0 0
0 0 0.0667321 0 0 0 0 0 0 0 0
1 1 0.442656 0 0 0 0 12.51 7.48 0 0
0 0 0.443082 0 0 0 0 0 0 0 0
0 0 0.202429 0 0 0 0 0 0 0 0
0 0 0.189702 0 0 0 0 0 0 0 0
0 0 0.230622 0 0 0 0 0 0 0 0
0 0 0.0505663 0 0 0 0 0 0 0 0
1 1 0.508439 0 0 0 0 12.29 7.44 0 0
0 0 0.385463 0 0 0 0 0 0 0 0
0 0 0.682203 0 0 0 0 0 0 0 0
0 0 0.129436 0 0 0 0 0 0 0 0
1 1 0.65653 0 0 0 0 16.54 12.5 81.82 0
0 0 0.516954 0 0 0 0 0 0 0 0
0 0 0.0787879 0 0 0 0 0 0 0 0
0 0 0.0321205 0 0 0 0 0 0 0 0
0 0 0.0667321 0 0 0 0 0 0 0 0
1 1 0.442656 0 0 0 0 12.66 7.55 0 0
0 0 0.443082 0 0 0 0 0 0 0 0
0 0 0.129897 0 0 0 0 0 0 0 0
0 0 0.682203 0 0 0 0 0 0 0 0
0 0 0.129436 0 0 0 0 0 0 0 0
0 0 0.0787879 0 0 0 0 0 0 0 0
0 0 0.0321205 0 0 0 0 0 0 0 0
0 0 0.0667321 0 0 0 0 0 0 0 0
0 0 0.435133 0 0 0 0 0 0 0 0
0 0 0.467742 0 0 0 0 0 0 0 0
0 0 0.153719 0 0 0 0 0 0 0 0
0 0 0.131034 0 0 0 0 0 0 0 0
0 0 0.333835 0 0 0 0 0 0 0 0
0 0 0.211356 0 0 0 0 0 0 0 0
0 0 0.350877 0 0 0 0 0 0 0 0
0 0 0.289044 0 0 0 0 0 0 0 0
0 0 0.385542 0 0 0 0 0 0 0 0
0 0 0.391667 0 0 0 0 0 0 0 0
0 0 0.377451 0 0 0 0 0 0 0 0
0 0 0.337979 0 0 0 0 0 0 0 0
0 0 0.378855 0 0 0 0 0 0 0 0
0 0 0.385542 0 0 0 0 0 0 0 0
0 0 0.371901 0 0 0 0 0 0 0 0
0 0 0.343643 0 0 0 0 0 0 0 0
0 0 0.368889 0 0 0 0 0 0 0 0
0 0 0.378092 0 0 0 0 0 0 0 0
0 0 0.334416 0 0 0 0 0 0 0 0
0 0 0.440816 0 0 0 0 0 0 0 0
0 0 0.368732 0 0 0 0 0 0 0 0
0 0 0.322767 0 0 0 0 0 0 0 0
0 0 0.394636 0 0 0 0 0 0 0 0
0 0 0.315186 0 0 0 0 0 0 0 0
0 0 0.322368 0 0 0 0 0 0 0 0
0 0 0.387597 0 0 0 0 0 0 0 0
0 0 0.402098 0 0 0 0 0 0 0 0
0 0 0.361011 0 0 0 0 0 0 0 0
1 0 0.51579 0 0 0 0 9.41 5.2 100 0
1 1 0.422374 0 0 0 0 9.26 5.09 0 0
1 1 0.811295 0 0 0 0 9.11 5.03 0 0
1 1 0.996109 0 0 0 0 9.4 5.09 50 0
1 0 0.516304 0 0 0 0 8.63 5.05 100 0
1 1 0.380671 0 0 0 0 8.26 4.52 0 0
1 1 0.839557 0 0 0 0 8.07 4.46 0 0
1 1 0.996109 0 0 0 0 8.32 4.52 50 0
0 0 0.763636 0 0 0 0 0 0 0 0
0 0 0.380574 0 0 0 0 0 0 0 0
0 0 0.559184 0 0 0 0 0 0 0 0
0 0 0.310119 0 0 0 0 0 0 0 0
0 0 0.238026 0 0 0 0 0 0 0 0
0 0 0.757426 0 0 0 0 0 0 0 0
0 0 0.534247 0 0 0 0 0 0 0 0
0 0 0.497948 0 0 0 0 0 0 0 0
0 0 0.463268 0 0 0 0 0 0 0 0
0 0 0.59542 0 0 0 0 0 0 0 0
0 0 0.73399 0 0 0 0 0 0 0 0
0 0 0.814286 0 0 0 0 0 0 0 0
0 0 0.396171 0 0 0 0 0 0 0 0
0 0 0.384054 0 0 0 0 0 0 0 0
0 0 0.437352 0 0 0 0 0 0 0 0
0 0 0.514954 0 0 0 0 0 0 0 0
0 0 0.757426 0 0 0 0 0 0 0 0
0 0 0.352841 0 0 0 0 0 0 0 0
0 0 0.113787 0 0 0 0 0 0 0 0
0 0 0.106793 0 0 0 0 0 0 0 0
0 0 0.152225 0 0 0 0 0 0 0 0
0 0 0.178133 0 0 0 0 0 0 0 0
0 0 0.358437 0 0 0 0 0 0 0 0
0 0 0.365004 0 0 0 0 0 0 0 0
0 0 0.323232 0 0 0 0 0 0 0 0
0 0 0.400711 0 0 0 0 0 0 0 0
0 0 0.270292 0 0 0 0 0 0 0 0
0 0 0.269439 0 0 0 0 0 0 0 0
0 0 0.172596 0 0 0 0 0 0 0 0
0 0 0.534247 0 0 0 0 0 0 0 0
0 0 0.497948 0 0 0 0 0 0 0 0
0 0 0.463268 0 0 0 0 0 0 0 0
0 0 0.59542 0 0 0 0 0 0 0 0
0 0 0.73399 0 0 0 0 0 0 0 0
0 0 0.814286 0 0 0 0 0 0 0 0
0 0 0.40648 0 0 0 0 0 0 0 0
0 0 0.3451 0 0 0 0 0 0 0 0
0 0 0.433806 0 0 0 0 0 0 0 0
0 0 0.514954 0 0 0 0 0 0 0 0
0 0 0.757426 0 0 0 0 0 0 0 0
0 0 0.534247 0 0 0 0 0 0 0 0
0 0 0.497948 0 0 0 0 0 0 0 0
0 0 0.463268 0 0 0 0 0 0 0 0
0 0 0.59542 0 0 0 0 0 0 0 0
0 0 0.73399 0 0 0 0 0 0 0 0
0 0 0.814286 0 0 0 0 0 0 0 0
0 0 0.40648 0 0 0 0 0 0 0 0
0 0 0.365186 0 0 0 0 0 0 0 0
0 0 0.438534 0 0 0 0 0 0 0 0
0 0 0.514954 0 0 0 0 0 0 0 0
0 0 0.757426 0 0 0 0 0 0 0 0
0 0 0.757426 0 0 0 0 0 0 0 0
0 0 0.757426 0 0 0 0 0 0 0 0
0 0 0.580952 0 0 0 0 0 0 0 0
0 0 0.7125 0 0 0 0 0 0 0 0
0 0 0.457143 0 0 0 0 0 0 0 0
0 0 0.260606 0 0 0 0 0 0 0 0
0 0 0.446809 0 0 0 0 0 0 0 0
0 0 0.16126 0 0 0 0 0 0 0 0
0 0 0.144462 0 0 0 0 0 0 0 0
0 0 0.155056 0 0 0 0 0 0 0 0
0 0 0.214286 0 0 0 0 0 0 0 0
0 0 0.516588 0 0 0 0 0 0 0 0
0 0 0.428571 0 0 0 0 0 0 0 0
0 0 0.588028 0 0 0 0 0 0 0 0
0 0 0.221675 0 0 0 0 0 0 0 0
1 1 0.796992 0 0 0 0 5.84 3.27 100 0
0 0 0.0376884 0 0 0 0 0 0 0 0
0 0 0.142857 0 0 0 0 0 0 0 0
0 0 0.414773 0 0 0 0 0 0 0 0
1 0 0.688525 0 0 0 0 5.78 3.31 100 0
1 0 0.666667 0 0 0 0 5.78 3.31 100 0
1 0 0.454545 0 0 0 0 5.81 3.34 100 0
0 0 0.31477 0 0 0 0 0 0 0 0
0 0 0.0591603 0 0 0 0 0 0 0 0
0 0 0.165179 0 0 0 0 0 0 0 0
1 1 0.81323 0 0 0 0 22.58 14.65 100 0
0 0 0.81323 0 0 0 0 0 0 0 0
0 0 0.392276 0 0 0 0 0 0 0 0
0 0 0.317073 0 0 0 0 0 0 0 0
0 0 0.593023 0 0 0 0 0 0 0 0
0 0 0.459364 0 0 0 0 0 0 0 0
0 0 0.838636 0 0 0 0 0 0 0 0
0 0 0.727749 0 0 0 0 0 0 0 0
0 0 0.416867 0 0 0 0 0 0 0 0
0 0 0.22083 0 0 0 0 0 0 0 0
0 0 0.490946 0 0 0 0 0 0 0 0
0 0 0.564062 0 0 0 0 0 0 0 0
0 0 0.688414 0 0 0 0 0 0 0 0
0 0 0.477204 0 0 0 0 0 0 0 0
0 0 0.598326 0 0 0 0 0 0 0 0
0 0 0.683891 0 0 0 0 0 0 0 0
0 0 0.727612 0 0 0 0 0 0 0 0
0 0 0.911392 0 0 0 0 0 0 0 0
0 0 0.597701 0 0 0 0 0 0 0 0
0 0 0.24 0 0 0 0 0 0 0 0
0 0 0.393814 0 0 0 0 0 0 0 0
0 0 0.296081 0 0 0 0 0 0 0 0
1 1 0.946927 0 0 0 0 10.22 5.38 50 0
1 0 0.719424 0 0 0 0 9.91 5.63 66.67 0
1 1 0.772059 0 0 0 0 10.15 5.4 100 0
1 0 0.690909 0 0 0 0 0 0 0 0
1 0 0.633333 0 0 0 0 0 0 0 0
0 0 0.413043 0 0 0 0 0 0 0 0
0 0 0.721311 0 0 0 0 0 0 0 0
1 0 0.696 0 0 0 0 0 0 0 0
1 0 0.865497 0 0 0 0 0 0 0 0
1 0 0.631579 0 0 0 0 0 0 0 0
1 0 0.690909 0 0 0 0 0 0 0 0
1 0 0.633333 0 0 0 0 0 0 0 0
0 0 0.413043 0 0 0 0 0 0 0 0
0 0 0.721311 0 0 0 0 0 0 0 0
1 0 0.696 0 0 0 0 0 0 0 0
1 0 0.865497 0 0 0 0 0 0 0 0
1 0 0.631579 0 0 0 0 0 0 0 0
1 0 0.690909 0 0 0 0 0 0 0 0
1 0 0.633333 0 0 0 0 0 0 0 0
0 0 0.413043 0 0 0 0 0 0 0 0
0 0 0.721311 0 0 0 0 0 0 0 0
1 0 0.696 0 0 0 0 0 0 0 0
1 0 0.865497 0 0 0 0 0 0 0 0
1 0 0.631579 0 0 0 0 0 0 0 0
1 1 0.244444 0 0 0 0 14.09 8.68 100 0
1 1 0.75 0 0 0 0 14.71 9.44 100 0
0 0 0.171975 0 0 0 0 0 0 0 0
1 1 0.84375 0 0 0 0 14.58 9.44 100 0
1 1 0.804196 0 0 0 0 12.64 8.21 90.91 0
0 0 0.609827 0 0 0 0 0 0 0 0
1 0 0.568047 0 0 0 0 0 0 0 0
0 0 0.252964 0 0 0 0 0 0 0 0
1 0 0.668966 0 0 0 0 0 0 0 0
1 1 0.468085 0 0 0 0 14.03 8.61 0 0
1 1 0.621795 0 0 0 0 7.1 3.83 100 0
0 0 0.669683 0 0 0 0 0 0 0 0
1 1 0.46124 0 0 0 0 14.32 9.13 40 0
1 1 0.780591 0 0 0 0 7.13 3.72 33.33 0
0 0 0.570796 0 0 0 0 0 0 0 0
0 0 0.734266 0 0 0 0 0 0 0 0
0 0 0.246973 0 0 0 0 0 0 0 0
0 0 0.0311483 0 0 0 0 0 0 0 0
0 0 0.218805 0 0 0 0 0 0 0 0
0 0 0.2058 0 0 0 0 0 0 0 0
0 0 0.389957 0 0 0 0 0 0 0 0
0 0 0.605042 0 0 0 0 0 0 0 0
1 0 0.473684 0 0 0 0 0 0 0 0
1 1 0.698795 0 0 0 0 14.62 9.42 100 0
1 0 0.385965 0 0 0 0 14.56 8.87 100 0
1 0 0.728723 0 0 0 0 15.13 11.84 100 0
1 1 0.503676 0 0 0 0 14.13 8.64 0 0
0 0 0.172185 0 0 0 0 0 0 0 0
1 1 0.442446 0 0 0 0 12.44 8.01 0 0
1 0 0.5 0 0 0 0 10.4 6.12 100 0
1 1 0.6725 0 0 0 0 6.64 4.71 100 0
0 0 0.211921 0 0 0 0 0 0 0 0
1 1 0.505906 0 0 0 0 6.16 4.39 80 0
0 0 0.24569 0 0 0 0 0 0 0 0
0 0 0.120468 0 0 0 0 0 0 0 0
0 0 0.11811 0 0 0 0 0 0 0 0
1 1 0.456026 0 0 0 0 7.09 5.61 0 0
0 0 0.228 0 0 0 0 0 0 0 0
1 1 0.431562 0 0 0 0 7.45 5.87 0 0
0 0 0.124252 0 0 0 0 0 0 0 0
1 1 0.822581 0 0 0 0 6.21 4.53 100 0
0 0 0.21129 0 0 0 0 0 0 0 0
1 1 0.512141 0 0 0 0 6.13 4.44 100 0
1 1 0.535948 0 0 0 0 6.75 5.48 69.23 0
1 1 0.383529 0 0 0 0 6.13 4.44 100 0
1 1 0.561779 0 0 0 0 7.04 6.04 100 0
1 1 0.589226 0 0 0 0 7.36 5.91 85.71 0
1 1 0.445205 0 0 0 0 7 4.98 80 0
0 0 0.210332 0 0 0 0 0 0 0 0
0 0 0.333074 0 0 0 0 0 0 0 0
1 1 0.767327 0 0 0 0 25.4 18.11 80 0
1 1 0.802885 0 0 0 0 25.96 18.72 80 0
1 1 0.509615 0 0 0 0 9.39 5.59 100 0
1 1 0.388889 0 0 0 0 16.69 11.12 87.5 0
0 0 0.945455 0 0 0 0 0 0 0 0
0 0 0.872928 0 0 0 0 0 0 0 0
0 0 0.428571 0 0 0 0 0 0 0 0
0 0 0.991228 0 0 0 0 0 0 0 0
0 0 0.617225 0 0 0 0 0 0 0 0
0 0 0.413551 0 0 0 0 0 0 0 0
0 0 0.754011 0 0 0 0 0 0 0 0
0 0 0.462103 0 0 0 0 0 0 0 0
0 0 0.454268 0 0 0 0 0 0 0 0
0 0 0.463977 0 0 0 0 0 0 0 0
0 0 0.578067 0 0 0 0 0 0 0 0
0 0 0.325868 0 0 0 0 0 0 0 0
0 0 0.102564 0 0 0 0 0 0 0 0
0 0 0.0976562 0 0 0 0 0 0 0 0
0 0 0.0825959 0 0 0 0 0 0 0 0
0 0 0.0726202 0 0 0 0 0 0 0 0
0 0 0.151803 0 0 0 0 0 0 0 0
0 0 0.112305 0 0 0 0 0 0 0 0
0 0 0.302387 0 0 0 0 0 0 0 0
0 0 0.311671 0 0 0 0 0 0 0 0
0 0 0.333726 0 0 0 0 0 0 0 0
0 0 0.443223 0 0 0 0 0 0 0 0
0 0 0.325 0 0 0 0 0 0 0 0
0 0 0.786957 0 0 0 0 0 0 0 0
0 0 0.519568 0 0 0 0 0 0 0 0
0 0 0.549738 0 0 0 0 0 0 0 0
0 0 0.777778 0 0 0 0 0 0 0 0
0 0 0.945455 0 0 0 0 0 0 0 0
0 0 0.872928 0 0 0 0 0 0 0 0
0 0 0.428571 0 0 0 0 0 0 0 0
0 0 0.991228 0 0 0 0 0 0 0 0
0 0 0.617225 0 0 0 0 0 0 0 0
0 0 0.413551 0 0 0 0 0 0 0 0
0 0 0.754011 0 0 0 0 0 0 0 0
0 0 0.462103 0 0 0 0 0 0 0 0
0 0 0.454268 0 0 0 0 0 0 0 0
0 0 0.463977 0 0 0 0 0 0 0 0
0 0 0.578067 0 0 0 0 0 0 0 0
0 0 0.325 0 0 0 0 0 0 0 0
0 0 0.945455 0 0 0 0 0 0 0 0
0 0 0.872928 0 0 0 0 0 0 0 0
0 0 0.428571 0 0 0 0 0 0 0 0
0 0 0.991228 0 0 0 0 0 0 0 0
0 0 0.617225 0 0 0 0 0 0 0 0
0 0 0.413551 0 0 0 0 0 0 0 0
0 0 0.754011 0 0 0 0 0 0 0 0
0 0 0.462103 0 0 0 0 0 0 0 0
0 0 0.454268 0 0 0 0 0 0 0 0
0 0 0.463977 0 0 0 0 0 0 0 0
0 0 0.578067 0 0 0 0 0 0 0 0
0 0 0.325 0 0 0 0 0 0 0 0
0 0 0.945455 0 0 0 0 0 0 0 0
0 0 0.872928 0 0 0 0 0 0 0 0
0 0 0.428571 0 0 0 0 0 0 0 0
0 0 0.991228 0 0 0 0 0 0 0 0
0 0 0.617225 0 0 0 0 0 0 0 0
0 0 0.413551 0 0 0 0 0 0 0 0
0 0 0.754011 0 0 0 0 0 0 0 0
0 0 0.462103 0 0 0 0 0 0 0 0
0 0 0.454268 0 0 0 0 0 0 0 0
0 0 0.463977 0 0 0 0 0 0 0 0
0 0 0.578067 0 0 0 0 0 0 0 0
0 0 0.382917 0 0 0 0 0 0 0 0
0 0 0.524548 0 0 0 0 0 0 0 0
0 0 0.492395 0 0 0 0 0 0 0 0
0 0 0.423221 0 0 0 0 0 0 0 0
0 0 0.382716 0 0 0 0 0 0 0 0
0 0 0.35786 0 0 0 0 0 0 0 0
0 0 0.464516 0 0 0 0 0 0 0 0
0 0 0.417219 0 0 0 0 0 0 0 0
0 0 0.504638 0 0 0 0 0 0 0 0
0 0 0.365217 0 0 0 0 0 0 0 0
0 0 0.325 0 0 0 0 0 0 0 0
0 0 0.945455 0 0 0 0 0 0 0 0
0 0 0.872928 0 0 0 0 0 0 0 0
0 0 0.428571 0 0 0 0 0 0 0 0
0 0 0.991228 0 0 0 0 0 0 0 0
0 0 0.617225 0 0 0 0 0 0 0 0
0 0 0.413551 0 0 0 0 0 0 0 0
0 0 0.754011 0 0 0 0 0 0 0 0
0 0 0.462103 0 0 0 0 0 0 0 0
0 0 0.454268 0 0 0 0 0 0 0 0
0 0 0.463977 0 0 0 0 0 0 0 0
0 0 0.578067 0 0 0 0 0 0 0 0
0 0 0.325 0 0 0 0 0 0 0 0
0 0 0.0986301 0 0 0 0 0 0 0 0
0 0 0.127559 0 0 0 0 0 0 0 0
0 0 0.660494 0 0 0 0 0 0 0 0
1 1 0.657682 0 0 0 0 13.86 9.04 73.33 0
1 1 0.849057 0 0 0 0 14.34 9.22 100 0
1 1 0.921053 0 0 0 0 14.32 9.22 100 0
1 1 0.974359 0 0 0 0 14.32 9.22 100 0
1 0 0.90303 0 0 0 0 14.66 9.55 100 0
0 0 0.25 0 0 0 0 0 0 0 0
1 1 0.565217 0 0 0 0 15.1 9.83 100 0
1 1 0.923611 0 0 0 0 15.09 10.09 100 0
1 1 0.68932 0 0 0 0 15.06 9.83 100 0
1 1 0.543624 0 0 0 0 14.33 8.87 85.71 0
1 1 0.311321 0 0 0 0 14.81 9.55 100 0
1 0 0.583333 0 0 0 0 14.76 9.35 88.89 0
1 0 0.413919 0 0 0 0 16.19 11.14 100 0
0 0 0.143529 0 0 0 0 0 0 0 0
1 1 0.320312 0 0 0 0 15.04 9.81 100 0
1 1 0.578358 0 0 0 0 14.76 9.55 60 0
1 1 0.736434 0 0 0 0 14.53 9.66 100 0
1 1 0.631868 0 0 0 0 15.26 10.07 100 0
1 0 0.246809 0 0 0 0 4.16 2.11 100 0
0 0 0.260094 0 0 0 0 0 0 0 0
0 0 0.681234 0 0 0 0 0 0 0 0
0 0 0.674242 0 0 0 0 0 0 0 0
0 0 0.216129 0 0 0 0 0 0 0 0
0 0 0.318328 0 0 0 0 0 0 0 0
0 0 0.275862 0 0 0 0 0 0 0 0
0 0 0.674242 0 0 0 0 0 0 0 0
0 0 0.216129 0 0 0 0 0 0 0 0
0 0 0.318328 0 0 0 0 0 0 0 0
0 0 0.275862 0 0 0 0 0 0 0 0
0 0 0.674242 0 0 0 0 0 0 0 0
0 0 0.216129 0 0 0 0 0 0 0 0
0 0 0.318328 0 0 0 0 0 0 0 0
0 0 0.275862 0 0 0 0 0 0 0 0
1 1 0.741848 0 0 0 0 15.01 9.47 0 0
1 1 0.729167 0 0 0 0 15.05 9.63 0 0
1 0 0.479918 0 0 0 0 14.18 8.77 16.67 0
0 0 0.088488 0 0 0 0 0 0 0 0
1 0 0.927711 0 0 0 0 13.98 8.7 100 0
0 0 0.618375 0 0 0 0 0 0 0 0
0 0 0.8 0 0 0 0 0 0 0 0
0 0 0.553903 0 0 0 0 0 0 0 0
1 1 0.955556 0 0 0 0 12.37 7.91 60 0
1 1 0.739683 0 0 0 0 12.37 7.91 60 0
1 1 0.79798 0 0 0 0 22.75 16.43 58.33 0
1 1 0.811856 0 0 0 0 22.75 16.43 58.33 0
1 1 0.644231 0 0 0 0 22.79 16.45 50 0
1 1 0.69171 0 0 0 0 22.77 16.45 70 0
1 1 0.80292 0 0 0 0 22.67 16.45 100 0
1 1 0.766667 0 0 0 0 9.64 5.41 0 0
0 0 0.966667 0 0 0 0 0 0 0 0
0 0 0.595027 0 0 0 0 0 0 0 0
0 0 0.18543 0 0 0 0 0 0 0 0
0 0 0.165563 0 0 0 0 0 0 0 0
0 0 0.172185 0 0 0 0 0 0 0 0
0 0 0.677966 0 0 0 0 0 0 0 0
0 0 0.543524 0 0 0 0 0 0 0 0
0 0 0.3898 0 0 0 0 0 0 0 0
1 1 0.575619 0 0 0 0 16.03 10.52 31.43 0
0 0 0.604651 0 0 0 0 0 0 0 0
0 0 0.754098 0 0 0 0 0 0 0 0
0 0 0.0330579 0 0 0 0 0 0 0 0
0 0 0.745763 0 0 0 0 0 0 0 0
0 0 0.901961 0 0 0 0 0 0 0 0
0 0 0.893617 0 0 0 0 0 0 0 0
0 0 0.744094 0 0 0 0 0 0 0 0
0 0 0.64127 0 0 0 0 0 0 0 0
0 0 0.690909 0 0 0 0 0 0 0 0
0 0 0.633333 0 0 0 0 0 0 0 0
0 0 0.413043 0 0 0 0 0 0 0 0
0 0 0.721311 0 0 0 0 0 0 0 0
0 0 0.696 0 0 0 0 0 0 0 0
0 0 0.865497 0 0 0 0 0 0 0 0
0 0 0.631579 0 0 0 0 0 0 0 0
0 0 0.690909 0 0 0 0 0 0 0 0
0 0 0.633333 0 0 0 0 0 0 0 0
0 0 0.413043 0 0 0 0 0 0 0 0
0 0 0.721311 0 0 0 0 0 0 0 0
0 0 0.696 0 0 0 0 0 0 0 0
0 0 0.865497 0 0 0 0 0 0 0 0
0 0 0.631579 0 0 0 0 0 0 0 0
0 0 0.189655 0 0 0 0 0 0 0 0
0 0 0.204 0 0 0 0 0 0 0 0
1 0 0.496403 0 0 0 0 13.53 8.26 100 0
1 0 0.51579 0 0 0 0 9.41 5.2 100 0
1 1 0.422374 0 0 0 0 9.26 5.09 0 0
1 1 0.811295 0 0 0 0 9.11 5.03 0 0
1 1 0.996109 0 0 0 0 9.42 5.09 50 0
1 0 0.516304 0 0 0 0 8.63 5.05 100 0
1 1 0.380671 0 0 0 0 8.26 4.52 0 0
1 1 0.839557 0 0 0 0 8.07 4.46 0 0
1 1 0.996109 0 0 0 0 8.34 4.52 50 0
0 0 0.600592 0 0 0 0 0 0 0 0
0 0 0.374095 0 0 0 0 0 0 0 0
0 0 0.463357 0 0 0 0 0 0 0 0
0 0 0.324074 0 0 0 0 0 0 0 0
0 0 0.4 0 0 0 0 0 0 0 0
0 0 0.366539 0 0 0 0 0 0 0 0
0 0 0.467153 0 0 0 0 0 0 0 0
0 0 0.359926 0 0 0 0 0 0 0 0
0 0 0.183936 0 0 0 0 0 0 0 0
0 0 0.312729 0 0 0 0 0 0 0 0
0 0 0.496503 0 0 0 0 0 0 0 0
0 0 0.579734 0 0 0 0 0 0 0 0
0 0 0.533937 0 0 0 0 0 0 0 0
0 0 0.470796 0 0 0 0 0 0 0 0
0 0 0.352227 0 0 0 0 0 0 0 0
0 0 0.252137 0 0 0 0 0 0 0 0
0 0 0.126918 0 0 0 0 0 0 0 0
1 1 0.457539 0 0 0 0 17.09 12.02 55 0
0 0 0.152941 0 0 0 0 0 0 0 0
0 0 0.0440346 0 0 0 0 0 0 0 0
1 1 0.85567 0 0 0 0 21.63 15.94 81.82 0
0 0 0.77095 0 0 0 0 0 0 0 0
0 0 0.921569 0 0 0 0 0 0 0 0
0 0 0.768769 0 0 0 0 0 0 0 0
0 0 0.995283 0 0 0 0 0 0 0 0
0 0 0.482051 0 0 0 0 0 0 0 0
0 0 0.729167 0 0 0 0 0 0 0 0
0 0 0.540984 0 0 0 0 0 0 0 0
0 0 0.652174 0 0 0 0 0 0 0 0
0 0 0.484185 0 0 0 0 0 0 0 0
0 0 0.292398 0 0 0 0 0 0 0 0
0 0 0.204327 0 0 0 0 0 0 0 0
0 0 0.678049 0 0 0 0 0 0 0 0
0 0 0.414414 0 0 0 0 0 0 0 0
0 0 0.290909 0 0 0 0 0 0 0 0
0 0 0.704918 0 0 0 0 0 0 0 0
0 0 0.166115 0 0 0 0 0 0 0 0
0 0 0.134121 0 0 0 0 0 0 0 0
0 0 0.562842 0 0 0 0 0 0 0 0
0 0 0.688312 0 0 0 0 0 0 0 0
0 0 0.601379 0 0 0 0 0 0 0 0
0 0 0.941558 0 0 0 0 0 0 0 0
0 0 0.414013 0 0 0 0 0 0 0 0
0 0 0.358921 0 0 0 0 0 0 0 0
0 0 0.520231 0 0 0 0 0 0 0 0
0 0 0.581994 0 0 0 0 0 0 0 0
0 0 0.585938 0 0 0 0 0 0 0 0
0 0 0.172185 0 0 0 0 0 0 0 0
0 0 0.050885 0 0 0 0 0 0 0 0
0 0 0.159722 0 0 0 0 0 0 0 0
0 0 0.172919 0 0 0 0 0 0 0 0
0 0 0.395574 0 0 0 0 0 0 0 0
0 0 0.197368 0 0 0 0 0 0 0 0
0 0 0.175874 0 0 0 0 0 0 0 0
0 0 0.520211 0 0 0 0 0 0 0 0
0 0 0.227545 0 0 0 0 0 0 0 0
0 0 0.199609 0 0 0 0 0 0 0 0
0 0 0.154054 0 0 0 0 0 0 0 0
0 0 0.756757 0 0 0 0 0 0 0 0
0 0 0.586957 0 0 0 0 0 0 0 0
0 0 0.456044 0 0 0 0 0 0 0 0
0 0 0.526427 0 0 0 0 0 0 0 0
0 0 0.986111 0 0 0 0 0 0 0 0
0 0 0.794521 0 0 0 0 0 0 0 0
0 0 0.583187 0 0 0 0 0 0 0 0
0 0 0.986111 0 0 0 0 0 0 0 0
0 0 0.805714 0 0 0 0 0 0 0 0
0 0 0.370504 0 0 0 0 0 0 0 0
0 0 0.800327 0 0 0 0 0 0 0 0
0 0 0.655914 0 0 0 0 0 0 0 0
0 0 0.741023 0 0 0 0 0 0 0 0
0 0 0.99187 0 0 0 0 0 0 0 0
0 0 0.872154 0 0 0 0 0 0 0 0
0 0 0.201667 0 0 0 0 0 0 0 0
0 0 0.413462 0 0 0 0 0 0 0 0
0 0 0.559105 0 0 0 0 0 0 0 0
0 0 0.506427 0 0 0 0 0 0 0 0
0 0 0.458599 0 0 0 0 0 0 0 0
0 0 0.316667 0 0 0 0 0 0 0 0
0 0 0.640909 0 0 0 0 0 0 0 0
0 0 0.46385 0 0 0 0 0 0 0 0
0 0 0.518072 0 0 0 0 0 0 0 0
0 0 0.647321 0 0 0 0 0 0 0 0
0 0 0.458599 0 0 0 0 0 0 0 0
0 0 0.316667 0 0 0 0 0 0 0 0
0 0 0.640909 0 0 0 0 0 0 0 0
0 0 0.462911 0 0 0 0 0 0 0 0
0 0 0.515517 0 0 0 0 0 0 0 0
0 0 0.647321 0 0 0 0 0 0 0 0
0 0 0.239062 0 0 0 0 0 0 0 0
0 0 0.458599 0 0 0 0 0 0 0 0
1 1 0.316667 0 0 0 0 7.54 4.72 100 0
1 1 0.640909 0 0 0 0 6.97 4.53 83.33 0
0 0 0.40939 0 0 0 0 0 0 0 0
1 1 0.515517 0 0 0 0 7.19 4.64 45.45 0
1 1 0.647321 0 0 0 0 10.22 6.53 83.33 0
0 0 0.15195 0 0 0 0 0 0 0 0
1 1 0.506024 0 0 0 0 11.95 7.49 33.33 0
1 1 0.414286 0 0 0 0 20.61 14.14 64.71 0
1 1 0.96131 0 0 0 0 9.96 5.68 100 0
0 0 0.125402 0 0 0 0 0 0 0 0
0 0 0.53527 0 0 0 0 0 0 0 0
0 0 0.143351 0 0 0 0 0 0 0 0
0 0 0.19171 0 0 0 0 0 0 0 0
0 0 0.205298 0 0 0 0 0 0 0 0
0 0 0.057942 0 0 0 0 0 0 0 0
0 0 0.177419 0 0 0 0 0 0 0 0
0 0 0.173684 0 0 0 0 0 0 0 0
0 0 0.0988075 0 0 0 0 0 0 0 0
0 0 0.186813 0 0 0 0 0 0 0 0
0 0 0.18543 0 0 0 0 0 0 0 0
0 0 0.451807 0 0 0 0 0 0 0 0
0 0 0.569138 0 0 0 0 0 0 0 0
0 0 0.170732 0 0 0 0 0 0 0 0
0 0 0.140655 0 0 0 0 0 0 0 0
0 0 0.15 0 0 0 0 0 0 0 0
0 0 0.332068 0 0 0 0 0 0 0 0
1 1 0.448052 0 0 0 0 15.52 9.93 100 0
0 0 0.091047 0 0 0 0 0 0 0 0
0 0 0.453109 0 0 0 0 0 0 0 0
0 0 0.477376 0 0 0 0 0 0 0 0
1 1 0.477124 0 0 0 0 4.91 2.8 50 0
0 0 0.575472 0 0 0 0 0 0 0 0
0 0 0.427056 0 0 0 0 0 0 0 0
0 0 0.446414 0 0 0 0 0 0 0 0
0 0 0.164216 0 0 0 0 0 0 0 0
0 0 0.531034 0 0 0 0 0 0 0 0
1 0 0.44898 0 0 0 0 4.74 2.6 0 0
1 1 0.60793 0 0 0 0 5 2.81 40 0
1 1 0.87234 0 0 0 0 5 2.87 100 0
0 0 0.263158 0 0 0 0 0 0 0 0
0 0 0.242711 0 0 0 0 0 0 0 0
0 0 0.399267 0 0 0 0 0 0 0 0
1 1 0.486842 0 0 0 0 4.88 2.82 100 0
0 0 0.568465 0 0 0 0 0 0 0 0
0 0 0.198676 0 0 0 0 0 0 0 0
1 1 0.458333 0 0 0 0 20.89 15.07 19.23 0
0 0 0.198676 0 0 0 0 0 0 0 0
1 1 0.458333 0 0 0 0 20.89 15.07 19.23 0
0 0 0.597285 0 0 0 0 0 0 0 0
0 0 0.483974 0 0 0 0 0 0 0 0
0 0 0.649077 0 0 0 0 0 0 0 0
0 0 0.141642 0 0 0 0 0 0 0 0
0 0 0.641509 0 0 0 0 0 0 0 0
0 0 0.460859 0 0 0 0 0 0 0 0
0 0 0.689815 0 0 0 0 0 0 0 0
0 0 0.461712 0 0 0 0 0 0 0 0
0 0 0.21164 0 0 0 0 0 0 0 0
0 0 0.246086 0 0 0 0 0 0 0 0
0 0 0.619608 0 0 0 0 0 0 0 0
0 0 0.092832 0 0 0 0 0 0 0 0
0 0 0.0323858 0 0 0 0 0 0 0 0
0 0 0.654155 0 0 0 0 0 0 0 0
0 0 0.2 0 0 0 0 0 0 0 0
0 0 0.166831 0 0 0 0 0 0 0 0
0 0 0.175439 0 0 0 0 0 0 0 0
0 0 0.18543 0 0 0 0 0 0 0 0
0 0 0.211921 0 0 0 0 0 0 0 0
1 1 0.818182 0 0 0 0 10.6 5.87 81.82 0
1 1 0.755556 0 0 0 0 12.78 8.99 66.67 0
1 1 0.600567 0 0 0 0 10.36 5.81 40 0
1 1 0.688596 0 0 0 0 10.15 6.26 0 0
1 1 0.969136 0 0 0 0 9.98 5.66 100 0
1 1 0.581967 0 0 0 0 9.8 5.88 100 0
1 1 0.739726 0 0 0 0 9.85 5.89 100 0
1 1 0.468354 0 0 0 0 7.97 5.1 23.33 0
1 1 0.817204 0 0 0 0 5.4 3.42 100 0
0 0 0.11339 0 0 0 0 0 0 0 0
0 0 0.126797 0 0 0 0 0 0 0 0
0 0 0.114548 0 0 0 0 0 0 0 0
0 0 0.147482 0 0 0 0 0 0 0 0
0 0 0.168467 0 0 0 0 0 0 0 0
0 0 0.577054 0 0 0 0 0 0 0 0
0 0 0.290591 0 0 0 0 0 0 0 0
0 0 0.528281 0 0 0 0 0 0 0 0
1 1 0.804348 0 0 0 0 3.58 2 83.33 0
0 0 0.513158 0 0 0 0 0 0 0 0
0 0 0.29393 0 0 0 0 0 0 0 0
1 1 0.98 0 0 0 0 3.54 1.96 100 0
0 0 0.40457 0 0 0 0 0 0 0 0
0 0 0.255193 0 0 0 0 0 0 0 0
0 0 0.186944 0 0 0 0 0 0 0 0
0 0 0.322774 0 0 0 0 0 0 0 0
0 0 0.506208 0 0 0 0 0 0 0 0
0 0 0.0249966 0 0 0 0 0 0 0 0
0 0 0.0846847 0 0 0 0 0 0 0 0
0 0 0.333333 0 0 0 0 0 0 0 0
0 0 0.181586 0 0 0 0 0 0 0 0
0 0 0.154255 0 0 0 0 0 0 0 0
0 0 0.212 0 0 0 0 0 0 0 0
0 0 0.13073 0 0 0 0 0 0 0 0
0 0 0.216912 0 0 0 0 0 0 0 0
1 1 0.856183 0 0 0 0 20.36 13.79 45.83 0
1 1 0.542923 0 0 0 0 9.74 5.86 30.77 0
1 1 0.557439 0 0 0 0 9.76 5.86 23.53 0
1 1 0.872928 0 0 0 0 9.72 5.8 50 0
0 0 0.951613 0 0 0 0 0 0 0 0
1 1 0.967742 0 0 0 0 14.65 9.47 100 0
1 1 0.803571 0 0 0 0 17.96 12.12 100 0
1 0 0.297872 0 0 0 0 14.36 8.82 100 0
1 1 0.967742 0 0 0 0 14.65 9.47 100 0
1 1 0.803571 0 0 0 0 17.96 12.12 100 0
1 1 0.827586 0 0 0 0 14.65 9.47 100 0
0 0 0.53125 0 0 0 0 0 0 0 0
0 0 0.203825 0 0 0 0 0 0 0 0
1 1 0.836842 0 0 0 0 13.93 9.22 100 0
1 1 0.503401 0 0 0 0 16.97 11.26 100 0
1 1 0.70339 0 0 0 0 19.97 15.34 94.74 0
0 0 0.211921 0 0 0 0 0 0 0 0
0 0 0.178808 0 0 0 0 0 0 0 0
0 0 0.0650814 0 0 0 0 0 0 0 0
0 0 0.162679 0 0 0 0 0 0 0 0
0 0 0.122481 0 0 0 0 0 0 0 0
0 0 0.146341 0 0 0 0 0 0 0 0
0 0 0.187075 0 0 0 0 0 0 0 0
0 0 0.189655 0 0 0 0 0 0 0 0
0 0 0.179739 0 0 0 0 0 0 0 0
0 0 0.422951 0 0 0 0 0 0 0 0
0 0 0.501712 0 0 0 0 0 0 0 0
0 0 0.506734 0 0 0 0 0 0 0 0
0 0 0.518708 0 0 0 0 0 0 0 0
0 0 0.521664 0 0 0 0 0 0 0 0
0 0 0.493007 0 0 0 0 0 0 0 0
0 0 0.511824 0 0 0 0 0 0 0 0
0 0 0.254373 0 0 0 0 0 0 0 0
0 0 0.233056 0 0 0 0 0 0 0 0
0 0 0.546713 0 0 0 0 0 0 0 0
0 0 0.561059 0 0 0 0 0 0 0 0
0 0 0.417136 0 0 0 0 0 0 0 0
0 0 0.45765 0 0 0 0 0 0 0 0
0 0 0.548817 0 0 0 0 0 0 0 0
0 0 0.539157 0 0 0 0 0 0 0 0
0 0 0.526829 0 0 0 0 0 0 0 0
0 0 0.132203 0 0 0 0 0 0 0 0
0 0 0.783985 0 0 0 0 0 0 0 0
0 0 0.70249 0 0 0 0 0 0 0 0
0 0 0.872984 0 0 0 0 0 0 0 0
0 0 0.637265 0 0 0 0 0 0 0 0
0 0 0.536145 0 0 0 0 0 0 0 0
0 0 0.509719 0 0 0 0 0 0 0 0
0 0 0.61674 0 0 0 0 0 0 0 0
0 0 0.619318 0 0 0 0 0 0 0 0
0 0 0.900901 0 0 0 0 0 0 0 0
0 0 0.637874 0 0 0 0 0 0 0 0
0 0 0.638462 0 0 0 0 0 0 0 0
0 0 0.820896 0 0 0 0 0 0 0 0
0 0 0.552567 0 0 0 0 0 0 0 0
0 0 0.751295 0 0 0 0 0 0 0 0
0 0 0.247826 0 0 0 0 0 0 0 0
0 0 0.199475 0 0 0 0 0 0 0 0
0 0 0.19084 0 0 0 0 0 0 0 0
0 0 0.257068 0 0 0 0 0 0 0 0
0 0 0.702055 0 0 0 0 0 0 0 0
0 0 0.145833 0 0 0 0 0 0 0 0
0 0 0.431153 0 0 0 0 0 0 0 0
0 0 0.72949 0 0 0 0 0 0 0 0
0 0 0.681055 0 0 0 0 0 0 0 0
0 0 0.455882 0 0 0 0 0 0 0 0
0 0 0.244427 0 0 0 0 0 0 0 0
0 0 0.468816 0 0 0 0 0 0 0 0
0 0 0.447079 0 0 0 0 0 0 0 0
0 0 0.187354 0 0 0 0 0 0 0 0
0 0 0.357977 0 0 0 0 0 0 0 0
0 0 0.397448 0 0 0 0 0 0 0 0
0 0 0.554705 0 0 0 0 0 0 0 0
0 0 0.713235 0 0 0 0 0 0 0 0
0 0 0.140187 0 0 0 0 0 0 0 0
0 0 0.278464 0 0 0 0 0 0 0 0
0 0 0.595142 0 0 0 0 0 0 0 0
0 0 0.742857 0 0 0 0 0 0 0 0
0 0 0.52782 0 0 0 0 0 0 0 0
0 0 0.717602 0 0 0 0 0 0 0 0
0 0 0.415929 0 0 0 0 0 0 0 0
0 0 0.309173 0 0 0 0 0 0 0 0
0 0 0.414847 0 0 0 0 0 0 0 0
0 0 0.584541 0 0 0 0 0 0 0 0
0 0 0.404444 0 0 0 0 0 0 0 0
0 0 0.306069 0 0 0 0 0 0 0 0
0 0 0.298246 0 0 0 0 0 0 0 0
0 0 0.414847 0 0 0 0 0 0 0 0
1 0 0.986799 0 0 0 0 5 3.11 100 0
0 0 0.163934 0 0 0 0 0 0 0 0
1 0 0.995283 0 0 0 0 5.09 3.31 100 0
0 0 0.245614 0 0 0 0 0 0 0 0
0 0 0.475282 0 0 0 0 0 0 0 0
1 1 0.485936 0 0 0 0 16.63 11.66 0 0
0 0 0.397633 0 0 0 0 0 0 0 0
1 0 0.343284 0 0 0 0 13.64 8.85 100 0
0 0 0.468343 0 0 0 0 0 0 0 0
1 1 0.485936 0 0 0 0 14.07 9.32 0 0
0 0 0.344147 0 0 0 0 0 0 0 0
1 0 0.343284 0 0 0 0 11.53 7.07 100 0
1 1 0.4 0 0 0 0 12.07 6.65 31.25 0
0 0 0.0510949 0 0 0 0 0 0 0 0
0 0 0.155665 0 0 0 0 0 0 0 0
0 0 0.348993 0 0 0 0 0 0 0 0
1 1 0.504975 0 0 0 0 12.47 7.35 90 0
0 0 0.475282 0 0 0 0 0 0 0 0
1 1 0.485936 0 0 0 0 14.07 9.32 0 0
0 0 0.344147 0 0 0 0 0 0 0 0
1 0 0.343284 0 0 0 0 11.53 7.07 100 0
1 1 0.375155 0 0 0 0 12.06 6.65 31.25 0
0 0 0.0510949 0 0 0 0 0 0 0 0
0 0 0.155358 0 0 0 0 0 0 0 0
0 0 0.348993 0 0 0 0 0 0 0 0
1 1 0.504975 0 0 0 0 12.47 7.35 90 0
0 0 0.475282 0 0 0 0 0 0 0 0
1 1 0.485936 0 0 0 0 14.03 9.28 0 0
0 0 0.363437 0 0 0 0 0 0 0 0
1 0 0.343284 0 0 0 0 11.5 7.04 100 0
0 0 0.388976 0 0 0 0 0 0 0 0
0 0 0.0510949 0 0 0 0 0 0 0 0
0 0 0.11483 0 0 0 0 0 0 0 0
0 0 0.348993 0 0 0 0 0 0 0 0
1 1 0.514925 0 0 0 0 12.43 7.32 90 0
0 0 0.216924 0 0 0 0 0 0 0 0
0 0 0.088488 0 0 0 0 0 0 0 0
0 0 0.619247 0 0 0 0 0 0 0 0
0 0 0.549618 0 0 0 0 0 0 0 0
1 0 0.687697 0 0 0 0 0 0 0 0
1 1 0.936364 0 0 0 0 8.19 5.15 100 0
1 1 0.37963 0 0 0 0 12.24 8.84 55.56 0
1 1 0.594675 0 0 0 0 12.33 7.67 100 0
0 0 0.433333 0 0 0 0 0 0 0 0
0 0 0.364476 0 0 0 0 0 0 0 0
0 0 0.530443 0 0 0 0 0 0 0 0
0 0 0.371069 0 0 0 0 0 0 0 0
1 1 0.422111 0 0 0 0 18.49 11.65 100 0
1 1 0.422111 0 0 0 0 18.49 11.65 100 0
1 0 0.728723 0 0 0 0 15.05 11.75 100 0
1 1 0.503676 0 0 0 0 14.13 8.64 0 0
0 0 0.172185 0 0 0 0 0 0 0 0
1 1 0.442446 0 0 0 0 12.44 8.01 0 0
1 1 0.444577 0 0 0 0 9.76 5.04 35 0
0 0 0.272904 0 0 0 0 0 0 0 0
0 0 0.399508 0 0 0 0 0 0 0 0
1 1 0.60274 0 0 0 0 15.31 9.81 100 0
1 1 0.473684 0 0 0 0 15.31 9.81 100 0
1 0 0.51579 0 0 0 0 9.41 5.2 100 0
1 1 0.422374 0 0 0 0 9.26 5.09 0 0
1 1 0.811295 0 0 0 0 9.11 5.03 0 0
1 1 0.996109 0 0 0 0 9.42 5.09 50 0
1 0 0.516304 0 0 0 0 8.63 5.05 100 0
1 1 0.380671 0 0 0 0 8.26 4.52 0 0
1 1 0.839557 0 0 0 0 8.07 4.46 0 0
1 1 0.996109 0 0 0 0 8.34 4.52 50 0
1 1 0.429467 0 0 0 0 15.75 10.15 100 0
1 0 0.522988 0 0 0 0 10.63 6.45 85.71 0
1 0 0.561809 0 0 0 0 11.14 7.08 100 0
0 0 0.0389037 0 0 0 0 0 0 0 0
0 0 0.5387 0 0 0 0 0 0 0 0
0 0 0.214286 0 0 0 0 0 0 0 0
0 0 0.175853 0 0 0 0 0 0 0 0
0 0 0.23125 0 0 0 0 0 0 0 0
1 1 0.689655 0 0 0 0 12.6 8.09 0 0
0 0 0.10596 0 0 0 0 0 0 0 0
0 0 0.150943 0 0 0 0 0 0 0 0
0 0 0.472362 0 0 0 0 0 0 0 0
1 1 0.477124 0 0 0 0 5.15 2.98 50 0
0 0 0.54717 0 0 0 0 0 0 0 0
0 0 0.0558265 0 0 0 0 0 0 0 0
0 0 0.564633 0 0 0 0 0 0 0 0
0 0 0.62311 0 0 0 0 0 0 0 0
0 0 0.164216 0 0 0 0 0 0 0 0
0 0 0.458763 0 0 0 0 0 0 0 0
1 0 0.520408 0 0 0 0 5.14 2.76 100 0
1 1 0.570213 0 0 0 0 5.25 2.99 40 0
1 1 0.879121 0 0 0 0 5.25 3.05 100 0
0 0 0.257895 0 0 0 0 0 0 0 0
0 0 0.241135 0 0 0 0 0 0 0 0
0 0 0.417582 0 0 0 0 0 0 0 0
1 1 0.486842 0 0 0 0 5.12 2.99 100 0
0 0 0.150943 0 0 0 0 0 0 0 0
0 0 0.472362 0 0 0 0 0 0 0 0
1 1 0.477124 0 0 0 0 5.15 2.98 50 0
0 0 0.54717 0 0 0 0 0 0 0 0
0 0 0.0558265 0 0 0 0 0 0 0 0
0 0 0.564633 0 0 0 0 0 0 0 0
0 0 0.550633 0 0 0 0 0 0 0 0
0 0 0.164216 0 0 0 0 0 0 0 0
0 0 0.458763 0 0 0 0 0 0 0 0
1 0 0.520408 0 0 0 0 5.14 2.76 100 0
1 1 0.570213 0 0 0 0 5.25 2.99 40 0
1 1 0.879121 0 0 0 0 5.25 3.05 100 0
0 0 0.267062 0 0 0 0 0 0 0 0
0 0 0.241135 0 0 0 0 0 0 0 0
0 0 0.417582 0 0 0 0 0 0 0 0
1 1 0.486842 0 0 0 0 5.12 2.99 100 0
0 0 0.150943 0 0 0 0 0 0 0 0
0 0 0.472362 0 0 0 0 0 0 0 0
1 1 0.477124 0 0 0 0 5.15 2.98 50 0
0 0 0.54717 0 0 0 0 0 0 0 0
0 0 0.0558265 0 0 0 0 0 0 0 0
0 0 0.564633 0 0 0 0 0 0 0 0
0 0 0.615067 0 0 0 0 0 0 0 0
0 0 0.164216 0 0 0 0 0 0 0 0
0 0 0.458763 0 0 0 0 0 0 0 0
1 0 0.520408 0 0 0 0 5.14 2.76 100 0
1 1 0.570213 0 0 0 0 5.25 2.99 40 0
1 1 0.879121 0 0 0 0 5.25 3.05 100 0
0 0 0.257895 0 0 0 0 0 0 0 0
0 0 0.241135 0 0 0 0 0 0 0 0
0 0 0.417582 0 0 0 0 0 0 0 0
1 1 0.486842 0 0 0 0 5.12 2.99 100 0
0 0 0.150943 0 0 0 0 0 0 0 0
0 0 0.472362 0 0 0 0 0 0 0 0
1 1 0.477124 0 0 0 0 5.15 2.98 50 0
0 0 0.54717 0 0 0 0 0 0 0 0
0 0 0.0558265 0 0 0 0 0 0 0 0
0 0 0.564633 0 0 0 0 0 0 0 0
0 0 0.617043 0 0 0 0 0 0 0 0
0 0 0.164216 0 0 0 0 0 0 0 0
0 0 0.458763 0 0 0 0 0 0 0 0
1 0 0.520408 0 0 0 0 5.14 2.76 100 0
1 1 0.570213 0 0 0 0 5.25 2.99 40 0
1 1 0.879121 0 0 0 0 5.25 3.05 100 0
0 0 0.257895 0 0 0 0 0 0 0 0
0 0 0.241135 0 0 0 0 0 0 0 0
0 0 0.417582 0 0 0 0 0 0 0 0
1 1 0.486842 0 0 0 0 5.12 2.99 100 0
0 0 0.604839 0 0 0 0 0 0 0 0
0 0 0.604839 0 0 0 0 0 0 0 0
0 0 0.226415 0 0 0 0 0 0 0 0
1 1 0.746606 0 0 0 0 12.9 8.73 71.43 0
1 1 0.695079 0 0 0 0 13.32 9.72 93.94 0
1 1 0.403827 0 0 0 0 13.94 9.68 81.82 0
1 1 0.683146 0 0 0 0 13.44 10.25 100 0
1 1 0.396122 0 0 0 0 12.71 7.94 92.31 0
1 1 0.390361 0 0 0 0 12.69 7.81 100 0
0 0 0.314685 0 0 0 0 0 0 0 0
1 1 0.712991 0 0 0 0 12.39 7.68 100 0
1 1 0.648094 0 0 0 0 11.58 7.48 66.67 0
0 0 0.401152 0 0 0 0 0 0 0 0
0 0 0.653319 0 0 0 0 0 0 0 0
0 0 0.675472 0 0 0 0 0 0 0 0
1 1 0.237323 0 0 0 0 12.5 8.74 73.08 0
1 0 0.584677 0 0 0 0 12.34 7.53 75 0
0 0 0.266846 0 0 0 0 0 0 0 0
1 1 0.496212 0 0 0 0 13.4 8.97 80 0
0 0 0.343094 0 0 0 0 0 0 0 0
1 1 0.721022 0 0 0 0 16.43 10.88 88.89 0
0 0 0.627397 0 0 0 0 0 0 0 0
1 1 0.754902 0 0 0 0 14.85 10.24 100 0
1 1 0.821538 0 0 0 0 16.06 10.58 0 0
1 1 0.79 0 0 0 0 14.74 10.41 100 0
1 1 0.884146 0 0 0 0 16.11 10.62 0 0
1 1 0.802589 0 0 0 0 16.05 10.54 0 0
1 1 0.690141 0 0 0 0 16.8 11.06 100 0
1 1 0.714286 0 0 0 0 13.96 8.8 0 0
1 1 0.839827 0 0 0 0 13.96 8.78 66.67 0
1 1 0.677083 0 0 0 0 16.58 11.38 0 0
1 1 0.661017 0 0 0 0 18.65 12.91 0 0
0 0 0.312217 0 0 0 0 0 0 0 0
1 1 0.695079 0 0 0 0 15.36 11.5 93.94 0
0 0 0.192346 0 0 0 0 0 0 0 0
0 0 0.152809 0 0 0 0 0 0 0 0
0 0 0.285319 0 0 0 0 0 0 0 0
1 1 0.390361 0 0 0 0 14.64 9.19 100 0
0 0 0.314685 0 0 0 0 0 0 0 0
1 1 0.712991 0 0 0 0 14.3 9.04 100 0
1 1 0.648094 0 0 0 0 13.37 8.79 66.67 0
1 1 0.418605 0 0 0 0 14.69 9.47 100 0
1 1 0.777778 0 0 0 0 14.65 9.47 0 0
0 0 0.511864 0 0 0 0 0 0 0 0
0 0 0.477064 0 0 0 0 0 0 0 0
0 0 0.203046 0 0 0 0 0 0 0 0
0 0 0.139073 0 0 0 0 0 0 0 0
0 0 0.811321 0 0 0 0 0 0 0 0
0 0 0.471649 0 0 0 0 0 0 0 0
0 0 0.754673 0 0 0 0 0 0 0 0
0 0 0.608746 0 0 0 0 0 0 0 0
0 0 0.236493 0 0 0 0 0 0 0 0
0 0 0.206091 0 0 0 0 0 0 0 0
1 1 0.373473 0 0 0 0 7.48 5.25 82.35 0
0 0 0.385113 0 0 0 0 0 0 0 0
0 0 0.638587 0 0 0 0 0 0 0 0
0 0 0.665584 0 0 0 0 0 0 0 0
0 0 0.5025 0 0 0 0 0 0 0 0
0 0 0.518581 0 0 0 0 0 0 0 0
0 0 0.311446 0 0 0 0 0 0 0 0
0 0 0.790698 0 0 0 0 0 0 0 0
0 0 0.789773 0 0 0 0 0 0 0 0
0 0 0.454545 0 0 0 0 0 0 0 0
0 0 0.789773 0 0 0 0 0 0 0 0
0 0 0.233766 0 0 0 0 0 0 0 0
0 0 0.649718 0 0 0 0 0 0 0 0
0 0 0.441989 0 0 0 0 0 0 0 0
0 0 0.414365 0 0 0 0 0 0 0 0
0 0 0.414365 0 0 0 0 0 0 0 0
0 0 0.209559 0 0 0 0 0 0 0 0
0 0 0.482759 0 0 0 0 0 0 0 0
0 0 0.626263 0 0 0 0 0 0 0 0
0 0 0.456522 0 0 0 0 0 0 0 0
0 0 0.482051 0 0 0 0 0 0 0 0
0 0 0.451977 0 0 0 0 0 0 0 0
0 0 0.520619 0 0 0 0 0 0 0 0
0 0 0.451429 0 0 0 0 0 0 0 0
0 0 0.463158 0 0 0 0 0 0 0 0
0 0 0.536424 0 0 0 0 0 0 0 0
0 0 0.394118 0 0 0 0 0 0 0 0
0 0 0.386667 0 0 0 0 0 0 0 0
0 0 0.510791 0 0 0 0 0 0 0 0
0 0 0.514286 0 0 0 0 0 0 0 0
0 0 0.503546 0 0 0 0 0 0 0 0
0 0 0.540698 0 0 0 0 0 0 0 0
0 0 0.496212 0 0 0 0 0 0 0 0
0 0 0.22837 0 0 0 0 0 0 0 0
0 0 0.250161 0 0 0 0 0 0 0 0
0 0 0.169237 0 0 0 0 0 0 0 0
0 0 0.207632 0 0 0 0 0 0 0 0
1 1 0.488045 0 0 0 0 12.11 8.3 70 0
1 1 0.612466 0 0 0 0 12.11 8.3 70 0
1 1 0.474299 0 0 0 0 11.25 7.09 0 0
1 1 0.511792 0 0 0 0 10.64 6.8 0 0
1 1 0.491342 0 0 0 0 10.59 6.73 0 0
1 1 0.466805 0 0 0 0 10.59 6.73 0 0
0 0 0.368984 0 0 0 0 0 0 0 0
1 1 0.491342 0 0 0 0 13.7 8.17 0 0
1 1 0.466805 0 0 0 0 13.7 8.17 0 0
0 0 0.368984 0 0 0 0 0 0 0 0
0 0 0.496212 0 0 0 0 0 0 0 0
0 0 0.225132 0 0 0 0 0 0 0 0
0 0 0.226718 0 0 0 0 0 0 0 0
0 0 0.20586 0 0 0 0 0 0 0 0
0 0 0.191424 0 0 0 0 0 0 0 0
1 1 0.488045 0 0 0 0 12.11 8.3 70 0
1 1 0.612466 0 0 0 0 12.11 8.3 70 0
1 1 0.474299 0 0 0 0 10.91 6.81 0 0
1 1 0.511792 0 0 0 0 10.64 6.8 0 0
1 1 0.491342 0 0 0 0 10.59 6.73 0 0
1 1 0.466805 0 0 0 0 10.59 6.73 0 0
0 0 0.368984 0 0 0 0 0 0 0 0
1 1 0.41 0 0 0 0 10.22 6.64 71.43 0
0 0 0.496212 0 0 0 0 0 0 0 0
0 0 0.225132 0 0 0 0 0 0 0 0
0 0 0.269428 0 0 0 0 0 0 0 0
0 0 0.20586 0 0 0 0 0 0 0 0
0 0 0.211531 0 0 0 0 0 0 0 0
1 1 0.488045 0 0 0 0 12.07 8.26 70 0
1 1 0.612466 0 0 0 0 12.07 8.26 70 0
1 1 0.474299 0 0 0 0 10.89 6.78 0 0
1 1 0.511792 0 0 0 0 10.6 6.77 0 0
1 1 0.491342 0 0 0 0 10.55 6.7 0 0
1 1 0.466805 0 0 0 0 10.55 6.7 0 0
0 0 0.368984 0 0 0 0 0 0 0 0
0 0 0.496212 0 0 0 0 0 0 0 0
0 0 0.225132 0 0 0 0 0 0 0 0
0 0 0.166346 0 0 0 0 0 0 0 0
0 0 0.171357 0 0 0 0 0 0 0 0
0 0 0.19327 0 0 0 0 0 0 0 0
1 1 0.488045 0 0 0 0 12.11 8.3 70 0
1 1 0.612466 0 0 0 0 12.11 8.3 70 0
1 1 0.474299 0 0 0 0 11.34 7.09 0 0
1 1 0.511792 0 0 0 0 10.64 6.8 0 0
1 1 0.491342 0 0 0 0 10.59 6.73 0 0
1 1 0.466805 0 0 0 0 10.59 6.73 0 0
0 0 0.368984 0 0 0 0 0 0 0 0
1 1 0.461333 0 0 0 0 10.79 6.32 0 0
1 1 0.770492 0 0 0 0 11.65 7.17 0 0
1 1 0.631195 0 0 0 0 10.89 6.32 70 0
0 0 0.53641 0 0 0 0 0 0 0 0
0 0 0.512337 0 0 0 0 0 0 0 0
0 0 0.270833 0 0 0 0 0 0 0 0
1 1 0.498148 0 0 0 0 4.04 2.06 14.29 0
0 0 0.454545 0 0 0 0 0 0 0 0
0 0 0.14239 0 0 0 0 0 0 0 0
1 1 0.435424 0 0 0 0 5.43 3.48 100 0
1 0 0.536946 0 0 0 0 4.81 2.89 100 0
0 0 0.0562227 0 0 0 0 0 0 0 0
0 0 0.0923077 0 0 0 0 0 0 0 0
0 0 0.316762 0 0 0 0 0 0 0 0
0 0 0.0601422 0 0 0 0 0 0 0 0
0 0 0.59096 0 0 0 0 0 0 0 0
0 0 0.384913 0 0 0 0 0 0 0 0
0 0 0.38806 0 0 0 0 0 0 0 0
0 0 0.350971 0 0 0 0 0 0 0 0
0 0 0.236704 0 0 0 0 0 0 0 0
0 0 0.253174 0 0 0 0 0 0 0 0
0 0 0.395254 0 0 0 0 0 0 0 0
0 0 0.271329 0 0 0 0 0 0 0 0
0 0 0.413148 0 0 0 0 0 0 0 0
1 1 0.980769 0 0 0 0 3.92 2.02 100 0
0 0 0.47651 0 0 0 0 0 0 0 0
0 0 0.51124 0 0 0 0 0 0 0 0
0 0 0.270699 0 0 0 0 0 0 0 0
0 0 0.498148 0 0 0 0 0 0 0 0
0 0 0.454545 0 0 0 0 0 0 0 0
0 0 0.14239 0 0 0 0 0 0 0 0
0 0 0.435424 0 0 0 0 0 0 0 0
0 0 0.536946 0 0 0 0 0 0 0 0
0 0 0.0562227 0 0 0 0 0 0 0 0
0 0 0.0923077 0 0 0 0 0 0 0 0
0 0 0.311327 0 0 0 0 0 0 0 0
0 0 0.0601422 0 0 0 0 0 0 0 0
0 0 0.589415 0 0 0 0 0 0 0 0
0 0 0.384526 0 0 0 0 0 0 0 0
0 0 0.387274 0 0 0 0 0 0 0 0
0 0 0.350636 0 0 0 0 0 0 0 0
0 0 0.236704 0 0 0 0 0 0 0 0
0 0 0.252695 0 0 0 0 0 0 0 0
0 0 0.394512 0 0 0 0 0 0 0 0
0 0 0.270833 0 0 0 0 0 0 0 0
0 0 0.413148 0 0 0 0 0 0 0 0
0 0 0.980769 0 0 0 0 0 0 0 0
0 0 0.47651 0 0 0 0 0 0 0 0
0 0 0.361594 0 0 0 0 0 0 0 0
0 0 0.270699 0 0 0 0 0 0 0 0
0 0 0.498148 0 0 0 0 0 0 0 0
0 0 0.454545 0 0 0 0 0 0 0 0
0 0 0.14239 0 0 0 0 0 0 0 0
0 0 0.435424 0 0 0 0 0 0 0 0
0 0 0.535627 0 0 0 0 0 0 0 0
0 0 0.0562227 0 0 0 0 0 0 0 0
0 0 0.0923077 0 0 0 0 0 0 0 0
0 0 0.311327 0 0 0 0 0 0 0 0
0 0 0.0601422 0 0 0 0 0 0 0 0
0 0 0.589415 0 0 0 0 0 0 0 0
0 0 0.384139 0 0 0 0 0 0 0 0
0 0 0.387274 0 0 0 0 0 0 0 0
0 0 0.350301 0 0 0 0 0 0 0 0
0 0 0.236704 0 0 0 0 0 0 0 0
0 0 0.252934 0 0 0 0 0 0 0 0
0 0 0.388038 0 0 0 0 0 0 0 0
0 0 0.270344 0 0 0 0 0 0 0 0
0 0 0.411458 0 0 0 0 0 0 0 0
0 0 0.980769 0 0 0 0 0 0 0 0
0 0 0.47651 0 0 0 0 0 0 0 0
0 0 0.394203 0 0 0 0 0 0 0 0
0 0 0.270699 0 0 0 0 0 0 0 0
0 0 0.498148 0 0 0 0 0 0 0 0
0 0 0.454545 0 0 0 0 0 0 0 0
0 0 0.14239 0 0 0 0 0 0 0 0
0 0 0.435424 0 0 0 0 0 0 0 0
0 0 0.535627 0 0 0 0 0 0 0 0
0 0 0.0562227 0 0 0 0 0 0 0 0
0 0 0.0923077 0 0 0 0 0 0 0 0
0 0 0.310992 0 0 0 0 0 0 0 0
0 0 0.0606889 0 0 0 0 0 0 0 0
0 0 0.563788 0 0 0 0 0 0 0 0
0 0 0.384139 0 0 0 0 0 0 0 0
0 0 0.386489 0 0 0 0 0 0 0 0
0 0 0.350301 0 0 0 0 0 0 0 0
0 0 0.236704 0 0 0 0 0 0 0 0
0 0 0.250832 0 0 0 0 0 0 0 0
0 0 0.387473 0 0 0 0 0 0 0 0
0 0 0.270096 0 0 0 0 0 0 0 0
0 0 0.411458 0 0 0 0 0 0 0 0
0 0 0.980769 0 0 0 0 0 0 0 0
0 0 0.47651 0 0 0 0 0 0 0 0
1 1 0.83 0 0 0 0 26.29 17.71 100 0
1 1 0.539589 0 0 0 0 11.82 7.32 92.86 0
0 0 0.369565 0 0 0 0 0 0 0 0
0 0 0.270699 0 0 0 0 0 0 0 0
0 0 0.498148 0 0 0 0 0 0 0 0
0 0 0.454545 0 0 0 0 0 0 0 0
0 0 0.14239 0 0 0 0 0 0 0 0
0 0 0.435424 0 0 0 0 0 0 0 0
0 0 0.535627 0 0 0 0 0 0 0 0
0 0 0.0562227 0 0 0 0 0 0 0 0
0 0 0.0923077 0 0 0 0 0 0 0 0
0 0 0.310992 0 0 0 0 0 0 0 0
0 0 0.0601093 0 0 0 0 0 0 0 0
0 0 0.589415 0 0 0 0 0 0 0 0
0 0 0.384913 0 0 0 0 0 0 0 0
0 0 0.386881 0 0 0 0 0 0 0 0
0 0 0.350636 0 0 0 0 0 0 0 0
0 0 0.235041 0 0 0 0 0 0 0 0
0 0 0.25107 0 0 0 0 0 0 0 0
0 0 0.387837 0 0 0 0 0 0 0 0
0 0 0.271333 0 0 0 0 0 0 0 0
0 0 0.411892 0 0 0 0 0 0 0 0
0 0 0.980769 0 0 0 0 0 0 0 0
0 0 0.47651 0 0 0 0 0 0 0 0
0 0 0.511594 0 0 0 0 0 0 0 0
0 0 0.270699 0 0 0 0 0 0 0 0
0 0 0.498148 0 0 0 0 0 0 0 0
0 0 0.454545 0 0 0 0 0 0 0 0
0 0 0.14239 0 0 0 0 0 0 0 0
0 0 0.434622 0 0 0 0 0 0 0 0
0 0 0.535627 0 0 0 0 0 0 0 0
0 0 0.0562227 0 0 0 0 0 0 0 0
0 0 0.0923077 0 0 0 0 0 0 0 0
0 0 0.310992 0 0 0 0 0 0 0 0
0 0 0.0600765 0 0 0 0 0 0 0 0
0 0 0.588858 0 0 0 0 0 0 0 0
0 0 0.384526 0 0 0 0 0 0 0 0
0 0 0.386881 0 0 0 0 0 0 0 0
0 0 0.34995 0 0 0 0 0 0 0 0
0 0 0.235041 0 0 0 0 0 0 0 0
0 0 0.250832 0 0 0 0 0 0 0 0
0 0 0.387473 0 0 0 0 0 0 0 0
0 0 0.270344 0 0 0 0 0 0 0 0
0 0 0.411458 0 0 0 0 0 0 0 0
0 0 0.980769 0 0 0 0 0 0 0 0
0 0 0.47651 0 0 0 0 0 0 0 0
0 0 0.51087 0 0 0 0 0 0 0 0
0 0 0.270699 0 0 0 0 0 0 0 0
0 0 0.498148 0 0 0 0 0 0 0 0
0 0 0.454545 0 0 0 0 0 0 0 0
0 0 0.14239 0 0 0 0 0 0 0 0
0 0 0.434622 0 0 0 0 0 0 0 0
0 0 0.535627 0 0 0 0 0 0 0 0
0 0 0.0562227 0 0 0 0 0 0 0 0
0 0 0.0923077 0 0 0 0 0 0 0 0
0 0 0.316019 0 0 0 0 0 0 0 0
0 0 0.0600437 0 0 0 0 0 0 0 0
0 0 0.563788 0 0 0 0 0 0 0 0
0 0 0.384526 0 0 0 0 0 0 0 0
0 0 0.386881 0 0 0 0 0 0 0 0
0 0 0.347034 0 0 0 0 0 0 0 0
0 0 0.235041 0 0 0 0 0 0 0 0
0 0 0.250832 0 0 0 0 0 0 0 0
0 0 0.387473 0 0 0 0 0 0 0 0
0 0 0.270344 0 0 0 0 0 0 0 0
0 0 0.411892 0 0 0 0 0 0 0 0
0 0 0.980769 0 0 0 0 0 0 0 0
0 0 0.47651 0 0 0 0 0 0 0 0
0 0 0.371739 0 0 0 0 0 0 0 0
0 0 0.270699 0 0 0 0 0 0 0 0
0 0 0.498148 0 0 0 0 0 0 0 0
0 0 0.454545 0 0 0 0 0 0 0 0
0 0 0.14239 0 0 0 0 0 0 0 0
0 0 0.434622 0 0 0 0 0 0 0 0
0 0 0.535627 0 0 0 0 0 0 0 0
0 0 0.0562227 0 0 0 0 0 0 0 0
0 0 0.0923077 0 0 0 0 0 0 0 0
0 0 0.310992 0 0 0 0 0 0 0 0
0 0 0.0600109 0 0 0 0 0 0 0 0
0 0 0.579944 0 0 0 0 0 0 0 0
0 0 0.384526 0 0 0 0 0 0 0 0
0 0 0.387147 0 0 0 0 0 0 0 0
0 0 0.347696 0 0 0 0 0 0 0 0
0 0 0.235041 0 0 0 0 0 0 0 0
0 0 0.250832 0 0 0 0 0 0 0 0
0 0 0.387473 0 0 0 0 0 0 0 0
0 0 0.270591 0 0 0 0 0 0 0 0
0 0 0.411892 0 0 0 0 0 0 0 0
0 0 0.980769 0 0 0 0 0 0 0 0
0 0 0.47651 0 0 0 0 0 0 0 0
0 0 0.691638 0 0 0 0 0 0 0 0
0 0 0.511594 0 0 0 0 0 0 0 0
0 0 0.270699 0 0 0 0 0 0 0 0
0 0 0.498148 0 0 0 0 0 0 0 0
0 0 0.454545 0 0 0 0 0 0 0 0
0 0 0.14239 0 0 0 0 0 0 0 0
0 0 0.434622 0 0 0 0 0 0 0 0
0 0 0.535627 0 0 0 0 0 0 0 0
0 0 0.0562227 0 0 0 0 0 0 0 0
0 0 0.0922131 0 0 0 0 0 0 0 0
0 0 0.316019 0 0 0 0 0 0 0 0
0 0 0.0599782 0 0 0 0 0 0 0 0
0 0 0.588858 0 0 0 0 0 0 0 0
0 0 0.384526 0 0 0 0 0 0 0 0
0 0 0.386301 0 0 0 0 0 0 0 0
0 0 0.347365 0 0 0 0 0 0 0 0
0 0 0.235041 0 0 0 0 0 0 0 0
0 0 0.25107 0 0 0 0 0 0 0 0
0 0 0.387473 0 0 0 0 0 0 0 0
0 0 0.270344 0 0 0 0 0 0 0 0
0 0 0.411458 0 0 0 0 0 0 0 0
0 0 0.980769 0 0 0 0 0 0 0 0
0 0 0.47651 0 0 0 0 0 0 0 0
0 0 0.673611 0 0 0 0 0 0 0 0
0 0 0.516667 0 0 0 0 0 0 0 0
0 0 0.270297 0 0 0 0 0 0 0 0
0 0 0.498148 0 0 0 0 0 0 0 0
0 0 0.454545 0 0 0 0 0 0 0 0
0 0 0.142157 0 0 0 0 0 0 0 0
0 0 0.434622 0 0 0 0 0 0 0 0
0 0 0.535627 0 0 0 0 0 0 0 0
0 0 0.0562227 0 0 0 0 0 0 0 0
0 0 0.0922131 0 0 0 0 0 0 0 0
0 0 0.316019 0 0 0 0 0 0 0 0
0 0 0.0599782 0 0 0 0 0 0 0 0
0 0 0.579944 0 0 0 0 0 0 0 0
0 0 0.384526 0 0 0 0 0 0 0 0
0 0 0.38591 0 0 0 0 0 0 0 0
0 0 0.347034 0 0 0 0 0 0 0 0
0 0 0.235041 0 0 0 0 0 0 0 0
0 0 0.25107 0 0 0 0 0 0 0 0
0 0 0.387473 0 0 0 0 0 0 0 0
0 0 0.270344 0 0 0 0 0 0 0 0
0 0 0.411458 0 0 0 0 0 0 0 0
0 0 0.980769 0 0 0 0 0 0 0 0
0 0 0.47651 0 0 0 0 0 0 0 0
0 0 0.51087 0 0 0 0 0 0 0 0
0 0 0.270297 0 0 0 0 0 0 0 0
0 0 0.498148 0 0 0 0 0 0 0 0
0 0 0.454545 0 0 0 0 0 0 0 0
0 0 0.142157 0 0 0 0 0 0 0 0
0 0 0.434622 0 0 0 0 0 0 0 0
0 0 0.535627 0 0 0 0 0 0 0 0
0 0 0.0562227 0 0 0 0 0 0 0 0
0 0 0.0921187 0 0 0 0 0 0 0 0
0 0 0.310992 0 0 0 0 0 0 0 0
0 0 0.0605235 0 0 0 0 0 0 0 0
0 0 0.588858 0 0 0 0 0 0 0 0
0 0 0.384139 0 0 0 0 0 0 0 0
0 0 0.38591 0 0 0 0 0 0 0 0
0 0 0.347034 0 0 0 0 0 0 0 0
0 0 0.235041 0 0 0 0 0 0 0 0
0 0 0.25107 0 0 0 0 0 0 0 0
0 0 0.387473 0 0 0 0 0 0 0 0
0 0 0.270344 0 0 0 0 0 0 0 0
0 0 0.411458 0 0 0 0 0 0 0 0
0 0 0.980769 0 0 0 0 0 0 0 0
0 0 0.47651 0 0 0 0 0 0 0 0
0 0 0.51087 0 0 0 0 0 0 0 0
0 0 0.270297 0 0 0 0 0 0 0 0
0 0 0.498148 0 0 0 0 0 0 0 0
0 0 0.454545 0 0 0 0 0 0 0 0
0 0 0.142157 0 0 0 0 0 0 0 0
0 0 0.434622 0 0 0 0 0 0 0 0
0 0 0.535627 0 0 0 0 0 0 0 0
0 0 0.0562227 0 0 0 0 0 0 0 0
0 0 0.0921187 0 0 0 0 0 0 0 0
0 0 0.310992 0 0 0 0 0 0 0 0
0 0 0.0605235 0 0 0 0 0 0 0 0
0 0 0.563788 0 0 0 0 0 0 0 0
0 0 0.383963 0 0 0 0 0 0 0 0
0 0 0.386693 0 0 0 0 0 0 0 0
0 0 0.347696 0 0 0 0 0 0 0 0
0 0 0.235267 0 0 0 0 0 0 0 0
0 0 0.25107 0 0 0 0 0 0 0 0
0 0 0.387837 0 0 0 0 0 0 0 0
0 0 0.270344 0 0 0 0 0 0 0 0
0 0 0.411892 0 0 0 0 0 0 0 0
0 0 0.980769 0 0 0 0 0 0 0 0
0 0 0.47651 0 0 0 0 0 0 0 0
0 0 0.4 0 0 0 0 0 0 0 0
0 0 0.270297 0 0 0 0 0 0 0 0
0 0 0.498148 0 0 0 0 0 0 0 0
0 0 0.454545 0 0 0 0 0 0 0 0
0 0 0.142157 0 0 0 0 0 0 0 0
0 0 0.434622 0 0 0 0 0 0 0 0
0 0 0.535627 0 0 0 0 0 0 0 0
0 0 0.0562227 0 0 0 0 0 0 0 0
0 0 0.0921187 0 0 0 0 0 0 0 0
0 0 0.311327 0 0 0 0 0 0 0 0
0 0 0.0599782 0 0 0 0 0 0 0 0
0 0 0.563788 0 0 0 0 0 0 0 0
0 0 0.383192 0 0 0 0 0 0 0 0
0 0 0.386301 0 0 0 0 0 0 0 0
0 0 0.347034 0 0 0 0 0 0 0 0
0 0 0.235041 0 0 0 0 0 0 0 0
0 0 0.251308 0 0 0 0 0 0 0 0
0 0 0.387473 0 0 0 0 0 0 0 0
0 0 0.270344 0 0 0 0 0 0 0 0
0 0 0.411458 0 0 0 0 0 0 0 0
0 0 0.980769 0 0 0 0 0 0 0 0
0 0 0.47651 0 0 0 0 0 0 0 0
0 0 0.673611 0 0 0 0 0 0 0 0
0 0 0.51087 0 0 0 0 0 0 0 0
0 0 0.270297 0 0 0 0 0 0 0 0
0 0 0.498148 0 0 0 0 0 0 0 0
0 0 0.454545 0 0 0 0 0 0 0 0
0 0 0.142157 0 0 0 0 0 0 0 0
0 0 0.434622 0 0 0 0 0 0 0 0
0 0 0.535627 0 0 0 0 0 0 0 0
0 0 0.0562227 0 0 0 0 0 0 0 0
0 0 0.0921187 0 0 0 0 0 0 0 0
0 0 0.316019 0 0 0 0 0 0 0 0
0 0 0.0605235 0 0 0 0 0 0 0 0
0 0 0.589415 0 0 0 0 0 0 0 0
0 0 0.382806 0 0 0 0 0 0 0 0
0 0 0.38591 0 0 0 0 0 0 0 0
0 0 0.346702 0 0 0 0 0 0 0 0
0 0 0.235041 0 0 0 0 0 0 0 0
0 0 0.251545 0 0 0 0 0 0 0 0
0 0 0.387837 0 0 0 0 0 0 0 0
0 0 0.270344 0 0 0 0 0 0 0 0
0 0 0.412326 0 0 0 0 0 0 0 0
0 0 0.980769 0 0 0 0 0 0 0 0
0 0 0.47651 0 0 0 0 0 0 0 0
0 0 0.691638 0 0 0 0 0 0 0 0
0 0 0.511594 0 0 0 0 0 0 0 0
0 0 0.270297 0 0 0 0 0 0 0 0
0 0 0.498148 0 0 0 0 0 0 0 0
0 0 0.454545 0 0 0 0 0 0 0 0
0 0 0.142157 0 0 0 0 0 0 0 0
0 0 0.434622 0 0 0 0 0 0 0 0
0 0 0.535627 0 0 0 0 0 0 0 0
0 0 0.0562227 0 0 0 0 0 0 0 0
0 0 0.0921187 0 0 0 0 0 0 0 0
0 0 0.310992 0 0 0 0 0 0 0 0
0 0 0.0599782 0 0 0 0 0 0 0 0
0 0 0.564345 0 0 0 0 0 0 0 0
0 0 0.383192 0 0 0 0 0 0 0 0
0 0 0.38591 0 0 0 0 0 0 0 0
0 0 0.347034 0 0 0 0 0 0 0 0
0 0 0.235041 0 0 0 0 0 0 0 0
0 0 0.25107 0 0 0 0 0 0 0 0
0 0 0.387837 0 0 0 0 0 0 0 0
0 0 0.271333 0 0 0 0 0 0 0 0
0 0 0.412326 0 0 0 0 0 0 0 0
0 0 0.980769 0 0 0 0 0 0 0 0
0 0 0.47651 0 0 0 0 0 0 0 0
0 0 0.47651 0 0 0 0 0 0 0 0
0 0 0.511224 0 0 0 0 0 0 0 0
0 0 0.270297 0 0 0 0 0 0 0 0
0 0 0.498148 0 0 0 0 0 0 0 0
0 0 0.454545 0 0 0 0 0 0 0 0
0 0 0.142157 0 0 0 0 0 0 0 0
0 0 0.434622 0 0 0 0 0 0 0 0
0 0 0.535627 0 0 0 0 0 0 0 0
0 0 0.0562227 0 0 0 0 0 0 0 0
0 0 0.0921187 0 0 0 0 0 0 0 0
0 0 0.310992 0 0 0 0 0 0 0 0
0 0 0.0599782 0 0 0 0 0 0 0 0
0 0 0.588858 0 0 0 0 0 0 0 0
0 0 0.383577 0 0 0 0 0 0 0 0
0 0 0.386301 0 0 0 0 0 0 0 0
0 0 0.346702 0 0 0 0 0 0 0 0
0 0 0.235041 0 0 0 0 0 0 0 0
0 0 0.25107 0 0 0 0 0 0 0 0
0 0 0.388201 0 0 0 0 0 0 0 0
0 0 0.271581 0 0 0 0 0 0 0 0
0 0 0.412326 0 0 0 0 0 0 0 0
0 0 0.980769 0 0 0 0 0 0 0 0
0 0 0.47651 0 0 0 0 0 0 0 0
0 0 0.515919 0 0 0 0 0 0 0 0
0 0 0.270297 0 0 0 0 0 0 0 0
0 0 0.498148 0 0 0 0 0 0 0 0
0 0 0.454545 0 0 0 0 0 0 0 0
0 0 0.142157 0 0 0 0 0 0 0 0
0 0 0.434622 0 0 0 0 0 0 0 0
0 0 0.535627 0 0 0 0 0 0 0 0
0 0 0.0562227 0 0 0 0 0 0 0 0
0 0 0.0921187 0 0 0 0 0 0 0 0
0 0 0.316019 0 0 0 0 0 0 0 0
0 0 0.0599782 0 0 0 0 0 0 0 0
0 0 0.580501 0 0 0 0 0 0 0 0
0 0 0.383577 0 0 0 0 0 0 0 0
0 0 0.386301 0 0 0 0 0 0 0 0
0 0 0.347365 0 0 0 0 0 0 0 0
0 0 0.235041 0 0 0 0 0 0 0 0
0 0 0.250832 0 0 0 0 0 0 0 0
0 0 0.388201 0 0 0 0 0 0 0 0
0 0 0.270344 0 0 0 0 0 0 0 0
0 0 0.411458 0 0 0 0 0 0 0 0
0 0 0.980769 0 0 0 0 0 0 0 0
0 0 0.47651 0 0 0 0 0 0 0 0
0 0 0.510854 0 0 0 0 0 0 0 0
0 0 0.270297 0 0 0 0 0 0 0 0
0 0 0.498148 0 0 0 0 0 0 0 0
0 0 0.454545 0 0 0 0 0 0 0 0
0 0 0.142157 0 0 0 0 0 0 0 0
0 0 0.434622 0 0 0 0 0 0 0 0
0 0 0.535627 0 0 0 0 0 0 0 0
0 0 0.0562227 0 0 0 0 0 0 0 0
0 0 0.0921187 0 0 0 0 0 0 0 0
0 0 0.310992 0 0 0 0 0 0 0 0
0 0 0.0599782 0 0 0 0 0 0 0 0
0 0 0.588858 0 0 0 0 0 0 0 0
0 0 0.383577 0 0 0 0 0 0 0 0
0 0 0.386301 0 0 0 0 0 0 0 0
0 0 0.347034 0 0 0 0 0 0 0 0
0 0 0.235041 0 0 0 0 0 0 0 0
0 0 0.25107 0 0 0 0 0 0 0 0
0 0 0.387837 0 0 0 0 0 0 0 0
0 0 0.271581 0 0 0 0 0 0 0 0
0 0 0.411458 0 0 0 0 0 0 0 0
0 0 0.980769 0 0 0 0 0 0 0 0
0 0 0.47651 0 0 0 0 0 0 0 0
0 0 0.510854 0 0 0 0 0 0 0 0
0 0 0.270297 0 0 0 0 0 0 0 0
0 0 0.498148 0 0 0 0 0 0 0 0
0 0 0.454545 0 0 0 0 0 0 0 0
0 0 0.142157 0 0 0 0 0 0 0 0
0 0 0.171271 0 0 0 0 0 0 0 0
0 0 0.535627 0 0 0 0 0 0 0 0
0 0 0.0562227 0 0 0 0 0 0 0 0
0 0 0.0921187 0 0 0 0 0 0 0 0
0 0 0.31068 0 0 0 0 0 0 0 0
0 0 0.0599782 0 0 0 0 0 0 0 0
0 0 0.564345 0 0 0 0 0 0 0 0
0 0 0.383192 0 0 0 0 0 0 0 0
0 0 0.38591 0 0 0 0 0 0 0 0
0 0 0.347034 0 0 0 0 0 0 0 0
0 0 0.235041 0 0 0 0 0 0 0 0
0 0 0.25107 0 0 0 0 0 0 0 0
0 0 0.388201 0 0 0 0 0 0 0 0
0 0 0.270344 0 0 0 0 0 0 0 0
0 0 0.411892 0 0 0 0 0 0 0 0
0 0 0.980769 0 0 0 0 0 0 0 0
0 0 0.47651 0 0 0 0 0 0 0 0
0 0 0.543231 0 0 0 0 0 0 0 0
0 0 0.559702 0 0 0 0 0 0 0 0
1 1 0.756757 0 0 0 0 9.82 5.67 83.33 0
0 0 0.0328132 0 0 0 0 0 0 0 0
0 0 0.502041 0 0 0 0 0 0 0 0
0 0 0.718147 0 0 0 0 0 0 0 0
0 0 0.46988 0 0 0 0 0 0 0 0
0 0 0.142857 0 0 0 0 0 0 0 0
0 0 0.0517516 0 0 0 0 0 0 0 0
0 0 0.13216 0 0 0 0 0 0 0 0
0 0 0.136473 0 0 0 0 0 0 0 0
1 1 0.669777 0 0 0 0 8.84 5.05 50 0
0 0 0.349951 0 0 0 0 0 0 0 0
0 0 0.183381 0 0 0 0 0 0 0 0
0 0 0.305355 0 0 0 0 0 0 0 0
0 0 0.417866 0 0 0 0 0 0 0 0
0 0 0.655213 0 0 0 0 0 0 0 0
0 0 0.543231 0 0 0 0 0 0 0 0
0 0 0.559702 0 0 0 0 0 0 0 0
1 1 0.756757 0 0 0 0 22.03 15.39 83.33 0
0 0 0.183381 0 0 0 0 0 0 0 0
0 0 0.305355 0 0 0 0 0 0 0 0
0 0 0.417866 0 0 0 0 0 0 0 0
0 0 0.655213 0 0 0 0 0 0 0 0
0 0 0.0328132 0 0 0 0 0 0 0 0
0 0 0.563946 0 0 0 0 0 0 0 0
0 0 0.718147 0 0 0 0 0 0 0 0
0 0 0.46988 0 0 0 0 0 0 0 0
0 0 0.105152 0 0 0 0 0 0 0 0
0 0 0.0725453 0 0 0 0 0 0 0 0
0 0 0.0695925 0 0 0 0 0 0 0 0
0 0 0.142857 0 0 0 0 0 0 0 0
0 0 0.0517516 0 0 0 0 0 0 0 0
0 0 0.121727 0 0 0 0 0 0 0 0
0 0 0.138677 0 0 0 0 0 0 0 0
1 1 0.669777 0 0 0 0 22.42 15.35 50 0
0 0 0.349951 0 0 0 0 0 0 0 0
0 0 0.565298 0 0 0 0 0 0 0 0
0 0 0.236434 0 0 0 0 0 0 0 0
0 0 0.165563 0 0 0 0 0 0 0 0
0 0 0.195652 0 0 0 0 0 0 0 0
0 0 0.360406 0 0 0 0 0 0 0 0
0 0 0.177465 0 0 0 0 0 0 0 0
0 0 0.0796537 0 0 0 0 0 0 0 0
0 0 0.22069 0 0 0 0 0 0 0 0
0 0 0.190769 0 0 0 0 0 0 0 0
0 0 0.60787 0 0 0 0 0 0 0 0
0 0 0.174129 0 0 0 0 0 0 0 0
0 0 0.255417 0 0 0 0 0 0 0 0
0 0 0.0670257 0 0 0 0 0 0 0 0
0 0 0.157746 0 0 0 0 0 0 0 0
0 0 0.104537 0 0 0 0 0 0 0 0
0 0 0.488127 0 0 0 0 0 0 0 0
0 0 0.167702 0 0 0 0 0 0 0 0
0 0 0.236434 0 0 0 0 0 0 0 0
0 0 0.165563 0 0 0 0 0 0 0 0
0 0 0.195652 0 0 0 0 0 0 0 0
0 0 0.360406 0 0 0 0 0 0 0 0
0 0 0.177465 0 0 0 0 0 0 0 0
0 0 0.0796537 0 0 0 0 0 0 0 0
0 0 0.22069 0 0 0 0 0 0 0 0
0 0 0.190769 0 0 0 0 0 0 0 0
0 0 0.60787 0 0 0 0 0 0 0 0
0 0 0.174129 0 0 0 0 0 0 0 0
0 0 0.255417 0 0 0 0 0 0 0 0
0 0 0.0670257 0 0 0 0 0 0 0 0
0 0 0.157746 0 0 0 0 0 0 0 0
0 0 0.104926 0 0 0 0 0 0 0 0
0 0 0.488127 0 0 0 0 0 0 0 0
0 0 0.167702 0 0 0 0 0 0 0 0
0 0 0.236434 0 0 0 0 0 0 0 0
0 0 0.165563 0 0 0 0 0 0 0 0
0 0 0.195652 0 0 0 0 0 0 0 0
0 0 0.360406 0 0 0 0 0 0 0 0
0 0 0.177465 0 0 0 0 0 0 0 0
0 0 0.0796537 0 0 0 0 0 0 0 0
0 0 0.22069 0 0 0 0 0 0 0 0
0 0 0.190769 0 0 0 0 0 0 0 0
0 0 0.60787 0 0 0 0 0 0 0 0
0 0 0.174129 0 0 0 0 0 0 0 0
0 0 0.255417 0 0 0 0 0 0 0 0
0 0 0.0670257 0 0 0 0 0 0 0 0
0 0 0.148669 0 0 0 0 0 0 0 0
0 0 0.104731 0 0 0 0 0 0 0 0
0 0 0.488127 0 0 0 0 0 0 0 0
0 0 0.167702 0 0 0 0 0 0 0 0
0 0 0.814852 0 0 0 0 0 0 0 0
0 0 0.192878 0 0 0 0 0 0 0 0
0 0 0.246454 0 0 0 0 0 0 0 0
0 0 0.18543 0 0 0 0 0 0 0 0
0 0 0.141777 0 0 0 0 0 0 0 0
0 0 0.0467512 0 0 0 0 0 0 0 0
0 0 0.291391 0 0 0 0 0 0 0 0
0 0 0.0540658 0 0 0 0 0 0 0 0
1 1 0.848709 0 0 0 0 15.71 10.48 100 0
0 0 0.162602 0 0 0 0 0 0 0 0
0 0 0.15894 0 0 0 0 0 0 0 0
1 1 0.473118 0 0 0 0 17.31 12.27 0 0
0 0 0.418557 0 0 0 0 0 0 0 0
0 0 0.420168 0 0 0 0 0 0 0 0
1 1 0.557252 0 0 0 0 18.03 12.92 71.43 0
1 1 0.557252 0 0 0 0 18.03 12.92 71.43 0
1 1 0.557252 0 0 0 0 18.03 12.92 71.43 0
0 0 0.0619735 0 0 0 0 0 0 0 0
0 0 0.154309 0 0 0 0 0 0 0 0
0 0 0.155925 0 0 0 0 0 0 0 0
0 0 0.163594 0 0 0 0 0 0 0 0
0 0 0.642192 0 0 0 0 0 0 0 0
1 1 0.882969 0 0 0 0 10.87 6.31 34.48 0
0 0 0.159509 0 0 0 0 0 0 0 0
1 0 0.825806 0 0 0 0 14.65 8.82 100 0
0 0 0.189189 0 0 0 0 0 0 0 0
0 0 0.124579 0 0 0 0 0 0 0 0
0 0 0.550314 0 0 0 0 0 0 0 0
0 0 0.457413 0 0 0 0 0 0 0 0
0 0 0.0923729 0 0 0 0 0 0 0 0
0 0 0.149446 0 0 0 0 0 0 0 0
0 0 0.112211 0 0 0 0 0 0 0 0
0 0 0.212121 0 0 0 0 0 0 0 0
0 0 0.272401 0 0 0 0 0 0 0 0
1 1 0.708968 0 0 0 0 15.3 10.26 0 0
0 0 0.164905 0 0 0 0 0 0 0 0
0 0 0.170279 0 0 0 0 0 0 0 0
0 0 0.177843 0 0 0 0 0 0 0 0
0 0 0.0524989 0 0 0 0 0 0 0 0
0 0 0.176152 0 0 0 0 0 0 0 0
0 0 0.332136 0 0 0 0 0 0 0 0
0 0 0.815018 0 0 0 0 0 0 0 0
0 0 0.210256 0 0 0 0 0 0 0 0
1 1 0.611111 0 0 0 0 12.93 8.69 52.38 0
0 0 0.126677 0 0 0 0 0 0 0 0
0 0 0.124661 0 0 0 0 0 0 0 0
0 0 0.553271 0 0 0 0 0 0 0 0
0 0 0.188776 0 0 0 0 0 0 0 0
0 0 0.196552 0 0 0 0 0 0 0 0
0 0 0.231788 0 0 0 0 0 0 0 0
0 0 0.20904 0 0 0 0 0 0 0 0
0 0 0.137931 0 0 0 0 0 0 0 0
0 0 0.0878187 0 0 0 0 0 0 0 0
0 0 0.126959 0 0 0 0 0 0 0 0
0 0 0.210332 0 0 0 0 0 0 0 0
0 0 0.333074 0 0 0 0 0 0 0 0
1 1 0.767327 0 0 0 0 25.4 18.11 80 0
1 1 0.802885 0 0 0 0 25.96 18.72 80 0
1 1 0.509615 0 0 0 0 9.39 5.59 87.5 0
1 1 0.388889 0 0 0 0 16.69 11.12 87.5 0
0 0 0.852632 0 0 0 0 0 0 0 0
0 0 0.73913 0 0 0 0 0 0 0 0
0 0 0.504425 0 0 0 0 0 0 0 0
0 0 0.263736 0 0 0 0 0 0 0 0
0 0 0.435583 0 0 0 0 0 0 0 0
1 1 0.51282 0 0 0 0 17.48 11.06 87.5 0
1 1 0.833333 0 0 0 0 8.76 4.94 100 0
0 0 0.461538 0 0 0 0 0 0 0 0
0 0 0.729885 0 0 0 0 0 0 0 0
0 0 0.744681 0 0 0 0 0 0 0 0
0 0 0.722222 0 0 0 0 0 0 0 0
0 0 0.527426 0 0 0 0 0 0 0 0
0 0 0.668966 0 0 0 0 0 0 0 0
0 0 0.392105 0 0 0 0 0 0 0 0
0 0 0.775735 0 0 0 0 0 0 0 0
0 0 0.471783 0 0 0 0 0 0 0 0
0 0 0.343284 0 0 0 0 0 0 0 0
0 0 0.481781 0 0 0 0 0 0 0 0
0 0 0.493274 0 0 0 0 0 0 0 0
0 0 0.551546 0 0 0 0 0 0 0 0
0 0 0.455474 0 0 0 0 0 0 0 0
0 0 0.448113 0 0 0 0 0 0 0 0
1 1 0.737968 0 0 0 0 15.41 9.55 62.5 0
0 0 0.444689 0 0 0 0 0 0 0 0
0 0 0.0544673 0 0 0 0 0 0 0 0
0 0 0.0853873 0 0 0 0 0 0 0 0
0 0 0.117221 0 0 0 0 0 0 0 0
0 0 0.127792 0 0 0 0 0 0 0 0
1 1 0.345374 0 0 0 0 15.83 10.43 42.86 0
0 0 0.0285063 0 0 0 0 0 0 0 0
0 0 0.0778534 0 0 0 0 0 0 0 0
0 0 0.0612128 0 0 0 0 0 0 0 0
0 0 0.0594386 0 0 0 0 0 0 0 0
0 0 0.0454366 0 0 0 0 0 0 0 0
0 0 0.0464246 0 0 0 0 0 0 0 0
0 0 0.084761 0 0 0 0 0 0 0 0
1 1 0.35914 0 0 0 0 13.84 8.72 100 0
0 0 0.0907258 0 0 0 0 0 0 0 0
0 0 0.0673854 0 0 0 0 0 0 0 0
0 0 0.142023 0 0 0 0 0 0 0 0
0 0 0.143969 0 0 0 0 0 0 0 0
0 0 0.131439 0 0 0 0 0 0 0 0
0 0 0.126418 0 0 0 0 0 0 0 0
0 0 0.147541 0 0 0 0 0 0 0 0
0 0 0.0854626 0 0 0 0 0 0 0 0
0 0 0.144366 0 0 0 0 0 0 0 0
0 0 0.141623 0 0 0 0 0 0 0 0
0 0 0.0889952 0 0 0 0 0 0 0 0
0 0 0.147638 0 0 0 0 0 0 0 0
0 0 0.0821918 0 0 0 0 0 0 0 0
0 0 0.122699 0 0 0 0 0 0 0 0
0 0 0.0592629 0 0 0 0 0 0 0 0
0 0 0.051398 0 0 0 0 0 0 0 0
0 0 0.271523 0 0 0 0 0 0 0 0
0 0 0.200935 0 0 0 0 0 0 0 0
0 0 0.229008 0 0 0 0 0 0 0 0
0 0 0.571956 0 0 0 0 0 0 0 0
0 0 0.509709 0 0 0 0 0 0 0 0
0 0 0.679389 0 0 0 0 0 0 0 0
0 0 0.480534 0 0 0 0 0 0 0 0
0 0 0.28418 0 0 0 0 0 0 0 0
0 0 0.127792 0 0 0 0 0 0 0 0
0 0 0.345374 0 0 0 0 0 0 0 0
0 0 0.279352 0 0 0 0 0 0 0 0
0 0 0.435484 0 0 0 0 0 0 0 0
0 0 0.279352 0 0 0 0 0 0 0 0
0 0 0.435484 0 0 0 0 0 0 0 0
0 0 0.541667 0 0 0 0 0 0 0 0
1 0 0.51579 0 0 0 0 9.41 5.2 100 0
1 1 0.422374 0 0 0 0 9.26 5.09 0 0
1 1 0.811295 0 0 0 0 9.11 5.03 0 0
1 1 0.996109 0 0 0 0 9.46 5.09 50 0
1 0 0.516304 0 0 0 0 8.63 5.05 100 0
1 1 0.380671 0 0 0 0 8.26 4.52 0 0
1 1 0.839557 0 0 0 0 8.07 4.46 0 0
1 1 0.996109 0 0 0 0 8.37 4.52 50 0
1 0 0.766467 0 0 0 0 0 0 0 0
0 0 0.459477 0 0 0 0 0 0 0 0
0 0 0.543233 0 0 0 0 0 0 0 0
1 1 0.516269 0 0 0 0 10.34 5.99 0 0
0 0 0.163043 0 0 0 0 0 0 0 0
0 0 0.163561 0 0 0 0 0 0 0 0
1 1 0.585987 0 0 0 0 14.96 9.93 100 0
1 0 0.521008 0 0 0 0 15.29 10.2 100 0
0 0 0.178808 0 0 0 0 0 0 0 0
0 0 0.375 0 0 0 0 0 0 0 0
0 0 0.345763 0 0 0 0 0 0 0 0
0 0 0.178808 0 0 0 0 0 0 0 0
0 0 0.0859375 0 0 0 0 0 0 0 0
0 0 0.197044 0 0 0 0 0 0 0 0
0 0 0.447954 0 0 0 0 0 0 0 0
0 0 0.378014 0 0 0 0 0 0 0 0
0 0 0.682464 0 0 0 0 0 0 0 0
0 0 0.237327 0 0 0 0 0 0 0 0
1 1 0.622047 0 0 0 0 3.06 1.81 100 0
1 0 0.374332 0 0 0 0 3.01 1.71 100 0
0 0 0.406061 0 0 0 0 0 0 0 0
0 0 0.570896 0 0 0 0 0 0 0 0
1 0 0.594595 0 0 0 0 3.03 1.85 42.86 0
0 0 0.321379 0 0 0 0 0 0 0 0
1 0 0.51579 0 0 0 0 9.41 5.2 100 0
1 1 0.422374 0 0 0 0 9.26 5.09 0 0
1 1 0.811295 0 0 0 0 9.11 5.03 0 0
1 1 0.996109 0 0 0 0 9.4 5.09 50 0
1 0 0.516304 0 0 0 0 8.63 5.05 100 0
1 1 0.380671 0 0 0 0 8.26 4.52 0 0
1 1 0.839557 0 0 0 0 8.07 4.46 0 0
1 1 0.996109 0 0 0 0 8.32 4.52 50 0
0 0 0.238411 0 0 0 0 0 0 0 0
0 0 0.205387 0 0 0 0 0 0 0 0
0 0 0.372592 0 0 0 0 0 0 0 0
0 0 0.517711 0 0 0 0 0 0 0 0
0 0 0.0776071 0 0 0 0 0 0 0 0
0 0 0.228723 0 0 0 0 0 0 0 0
0 0 0.05015 0 0 0 0 0 0 0 0
0 0 0.407407 0 0 0 0 0 0 0 0
0 0 0.198676 0 0 0 0 0 0 0 0
0 0 0.576324 0 0 0 0 0 0 0 0
0 0 0.233333 0 0 0 0 0 0 0 0
0 0 0.274863 0 0 0 0 0 0 0 0
0 0 0.152318 0 0 0 0 0 0 0 0
0 0 0.192053 0 0 0 0 0 0 0 0
0 0 0.583333 0 0 0 0 0 0 0 0
0 0 0.361702 0 0 0 0 0 0 0 0
0 0 0.78392 0 0 0 0 0 0 0 0
0 0 0.526882 0 0 0 0 0 0 0 0
0 0 0.514793 0 0 0 0 0 0 0 0
0 0 0.64752 0 0 0 0 0 0 0 0
0 0 0.583333 0 0 0 0 0 0 0 0
0 0 0.361702 0 0 0 0 0 0 0 0
0 0 0.78392 0 0 0 0 0 0 0 0
0 0 0.526882 0 0 0 0 0 0 0 0
0 0 0.514793 0 0 0 0 0 0 0 0
0 0 0.18663 0 0 0 0 0 0 0 0
0 0 0.663265 0 0 0 0 0 0 0 0
1 0 0.51579 0 0 0 0 9.41 5.2 100 0
1 1 0.422374 0 0 0 0 9.26 5.09 0 0
1 1 0.811295 0 0 0 0 9.11 5.03 0 0
1 1 0.996109 0 0 0 0 9.4 5.09 50 0
1 0 0.516304 0 0 0 0 8.63 5.05 100 0
1 1 0.380671 0 0 0 0 8.26 4.52 0 0
1 1 0.839557 0 0 0 0 8.07 4.46 0 0
1 1 0.996109 0 0 0 0 8.32 4.52 50 0
0 0 0.566879 0 0 0 0 0 0 0 0
1 1 0.577519 0 0 0 0 9.11 5.45 71.43 0
0 0 0.425 0 0 0 0 0 0 0 0
0 0 0.205543 0 0 0 0 0 0 0 0
1 1 0.494828 0 0 0 0 14.58 9.01 100 0
1 1 0.586957 0 0 0 0 14.98 9.89 0 0
1 0 0.758929 0 0 0 0 14.38 9.07 100 0
0 0 0.22575 0 0 0 0 0 0 0 0
0 0 0.218107 0 0 0 0 0 0 0 0
1 1 0.439153 0 0 0 0 13.82 9.73 100 0
1 1 0.982143 0 0 0 0 13.42 9.2 100 0
1 1 0.31982 0 0 0 0 13.42 8.83 100 0
1 1 0.31982 0 0 0 0 13.42 8.83 100 0
1 0 0.292453 0 0 0 0 13.59 8.65 100 0
1 0 0.33125 0 0 0 0 14.13 8.83 100 0
0 0 0.170608 0 0 0 0 0 0 0 0
0 0 0.143943 0 0 0 0 0 0 0 0
0 0 0.171566 0 0 0 0 0 0 0 0
0 0 0.19282 0 0 0 0 0 0 0 0
0 0 0.227323 0 0 0 0 0 0 0 0
1 1 0.325714 0 0 0 0 13.09 8.45 0 0
1 1 0.21806 0 0 0 0 13.81 8.42 0 0
1 1 0.484536 0 0 0 0 17.96 12.65 45.45 0
1 1 0.373333 0 0 0 0 8.84 4.88 100 0
1 1 0.594388 0 0 0 0 9 5.64 78.57 0
0 0 0.518784 0 0 0 0 0 0 0 0
0 0 0.548077 0 0 0 0 0 0 0 0
0 0 0.520482 0 0 0 0 0 0 0 0
0 0 0.497773 0 0 0 0 0 0 0 0
1 1 0.527624 0 0 0 0 9.06 4.91 69.23 0
0 0 0.533435 0 0 0 0 0 0 0 0
0 0 0.373611 0 0 0 0 0 0 0 0
0 0 0.388401 0 0 0 0 0 0 0 0
0 0 0.441452 0 0 0 0 0 0 0 0
1 1 0.426641 0 0 0 0 8.95 4.85 47.06 0
0 0 0.53997 0 0 0 0 0 0 0 0
1 1 0.391931 0 0 0 0 9.12 5.6 92.31 0
1 1 0.391931 0 0 0 0 9.12 5.6 92.31 0
1 1 0.52657 0 0 0 0 16.14 11.05 87.5 0
1 1 0.502415 0 0 0 0 16.14 11.05 87.5 0
0 0 0.634615 0 0 0 0 0 0 0 0
0 0 0.549242 0 0 0 0 0 0 0 0
0 0 0.56456 0 0 0 0 0 0 0 0
1 0 0.682353 0 0 0 0 0 0 0 0
1 0 0.447917 0 0 0 0 0 0 0 0
1 0 0.4967 0 0 0 0 0 0 0 0
1 0 0.617977 0 0 0 0 0 0 0 0
0 0 0.133479 0 0 0 0 0 0 0 0
1 0 0.5 0 0 0 0 14.49 9.59 100 0
0 0 0.507299 0 0 0 0 0 0 0 0
1 0 0.417625 0 0 0 0 14.26 9.15 100 0
0 0 0.346232 0 0 0 0 0 0 0 0
1 1 0.48913 0 0 0 0 14.36 9.15 50 0
0 0 0.469741 0 0 0 0 0 0 0 0
0 0 0.25072 0 0 0 0 0 0 0 0
1 1 0.788235 0 0 0 0 8.9 5.96 100 0
0 0 0.446809 0 0 0 0 0 0 0 0
1 0 0.263158 0 0 0 0 8.66 5.61 100 0
0 0 0.0604651 0 0 0 0 0 0 0 0
1 1 0.348101 0 0 0 0 9.01 6.36 0 0
1 1 0.857143 0 0 0 0 0.3 0.38 100 0
1 1 0.887097 0 0 0 0 0.3 0.38 100 0
1 1 0.47486 0 0 0 0 0.3 0.38 86.67 0
1 1 0.596674 0 0 0 0 0.3 0.38 100 0
0 0 0.215292 0 0 0 0 0 0 0 0
0 0 0.59306 0 0 0 0 0 0 0 0
1 1 0.694444 0 0 0 0 0.3 0.38 0 0
1 1 0.623037 0 0 0 0 0.3 0.38 0 0
1 1 0.77451 0 0 0 0 0.3 0.38 0 0
1 1 0.711268 0 0 0 0 0.3 0.38 0 0
1 1 0.66092 0 0 0 0 0.3 0.38 0 0
1 1 0.423077 0 0 0 0 0.3 0.38 0 0
1 1 0.791045 0 0 0 0 0.3 0.38 0 0
1 1 0.778802 0 0 0 0 0.3 0.38 0 0
1 1 0.734783 0 0 0 0 0.3 0.38 0 0
1 1 0.716475 0 0 0 0 0.3 0.38 0 0
1 1 0.48254 0 0 0 0 0.3 0.38 66.67 0
1 1 0.726688 0 0 0 0 0.3 0.38 0 0
1 1 0.729665 0 0 0 0 0.3 0.38 0 0
1 1 0.69821 0 0 0 0 0.3 0.38 0 0
1 1 0.684783 0 0 0 0 0.3 0.38 0 0
0 0 0.0439622 0 0 0 0 0 0 0 0
0 0 0.192053 0 0 0 0 0 0 0 0
0 0 0.18543 0 0 0 0 0 0 0 0
1 1 0.857143 0 0 0 0 0.3 0.38 100 0
1 1 0.887097 0 0 0 0 0.3 0.38 100 0
1 1 0.47486 0 0 0 0 0.3 0.38 86.67 0
1 1 0.596674 0 0 0 0 0.3 0.38 100 0
0 0 0.215292 0 0 0 0 0 0 0 0
0 0 0.59306 0 0 0 0 0 0 0 0
1 1 0.694444 0 0 0 0 0.3 0.38 0 0
1 1 0.623037 0 0 0 0 0.3 0.38 0 0
1 1 0.77451 0 0 0 0 0.3 0.38 0 0
1 1 0.711268 0 0 0 0 0.3 0.38 0 0
1 1 0.66092 0 0 0 0 0.3 0.38 0 0
1 1 0.423077 0 0 0 0 0.3 0.38 0 0
1 1 0.791045 0 0 0 0 0.3 0.38 0 0
1 1 0.778802 0 0 0 0 0.3 0.38 0 0
1 1 0.734783 0 0 0 0 0.3 0.38 0 0
1 1 0.716475 0 0 0 0 0.3 0.38 0 0
1 1 0.48254 0 0 0 0 0.3 0.38 66.67 0
1 1 0.726688 0 0 0 0 0.3 0.38 0 0
1 1 0.729665 0 0 0 0 0.3 0.38 0 0
1 1 0.69821 0 0 0 0 0.3 0.38 0 0
1 1 0.684783 0 0 0 0 0.3 0.38 0 0
0 0 0.0439622 0 0 0 0 0 0 0 0
0 0 0.192053 0 0 0 0 0 0 0 0
0 0 0.18543 0 0 0 0 0 0 0 0
1 1 0.857143 0 0 0 0 0.3 0.38 100 0
1 1 0.887097 0 0 0 0 0.3 0.38 100 0
1 1 0.47486 0 0 0 0 0.3 0.38 86.67 0
1 1 0.596674 0 0 0 0 0.3 0.38 100 0
0 0 0.215292 0 0 0 0 0 0 0 0
0 0 0.59306 0 0 0 0 0 0 0 0
1 1 0.694444 0 0 0 0 0.3 0.38 0 0
1 1 0.623037 0 0 0 0 0.3 0.38 0 0
1 1 0.77451 0 0 0 0 0.3 0.38 0 0
1 1 0.711268 0 0 0 0 0.3 0.38 0 0
1 1 0.66092 0 0 0 0 0.3 0.38 0 0
1 1 0.423077 0 0 0 0 0.3 0.38 0 0
1 1 0.791045 0 0 0 0 0.3 0.38 0 0
1 1 0.778802 0 0 0 0 0.3 0.38 0 0
1 1 0.734783 0 0 0 0 0.3 0.38 0 0
1 1 0.716475 0 0 0 0 0.3 0.38 0 0
1 1 0.48254 0 0 0 0 0.3 0.38 66.67 0
1 1 0.726688 0 0 0 0 0.3 0.38 0 0
1 1 0.729665 0 0 0 0 0.3 0.38 0 0
1 1 0.69821 0 0 0 0 0.3 0.38 0 0
1 1 0.684783 0 0 0 0 0.3 0.38 0 0
0 0 0.0439622 0 0 0 0 0 0 0 0
0 0 0.192053 0 0 0 0 0 0 0 0
0 0 0.18543 0 0 0 0 0 0 0 0
1 1 0.857143 0 0 0 0 0.3 0.38 100 0
1 1 0.887097 0 0 0 0 0.3 0.38 100 0
1 1 0.47486 0 0 0 0 0.3 0.38 86.67 0
1 1 0.596674 0 0 0 0 0.3 0.38 100 0
0 0 0.215292 0 0 0 0 0 0 0 0
0 0 0.59306 0 0 0 0 0 0 0 0
1 1 0.694444 0 0 0 0 0.3 0.38 0 0
1 1 0.623037 0 0 0 0 0.3 0.38 0 0
1 1 0.77451 0 0 0 0 0.3 0.38 0 0
1 1 0.711268 0 0 0 0 0.3 0.38 0 0
1 1 0.66092 0 0 0 0 0.3 0.38 0 0
1 1 0.423077 0 0 0 0 0.3 0.38 0 0
1 1 0.791045 0 0 0 0 0.3 0.38 0 0
1 1 0.778802 0 0 0 0 0.3 0.38 0 0
1 1 0.734783 0 0 0 0 0.3 0.38 0 0
1 1 0.716475 0 0 0 0 0.3 0.38 0 0
1 1 0.48254 0 0 0 0 0.3 0.38 66.67 0
1 1 0.726688 0 0 0 0 0.3 0.38 0 0
1 1 0.729665 0 0 0 0 0.3 0.38 0 0
1 1 0.69821 0 0 0 0 0.3 0.38 0 0
1 1 0.684783 0 0 0 0 0.3 0.38 0 0
0 0 0.0439622 0 0 0 0 0 0 0 0
0 0 0.192053 0 0 0 0 0 0 0 0
0 0 0.18543 0 0 0 0 0 0 0 0
1 1 0.857143 0 0 0 0 0.3 0.38 100 0
1 1 0.887097 0 0 0 0 0.3 0.38 100 0
1 1 0.47486 0 0 0 0 0.3 0.38 86.67 0
1 1 0.596674 0 0 0 0 0.3 0.38 100 0
0 0 0.215292 0 0 0 0 0 0 0 0
0 0 0.59306 0 0 0 0 0 0 0 0
1 1 0.694444 0 0 0 0 0.3 0.38 0 0
1 1 0.623037 0 0 0 0 0.3 0.38 0 0
1 1 0.77451 0 0 0 0 0.3 0.38 0 0
1 1 0.711268 0 0 0 0 0.3 0.38 0 0
1 1 0.66092 0 0 0 0 0.3 0.38 0 0
1 1 0.423077 0 0 0 0 0.3 0.38 0 0
1 1 0.791045 0 0 0 0 0.3 0.38 0 0
1 1 0.778802 0 0 0 0 0.3 0.38 0 0
1 1 0.734783 0 0 0 0 0.3 0.38 0 0
1 1 0.716475 0 0 0 0 0.3 0.38 0 0
1 1 0.48254 0 0 0 0 0.3 0.38 66.67 0
1 1 0.726688 0 0 0 0 0.3 0.38 0 0
1 1 0.729665 0 0 0 0 0.3 0.38 0 0
1 1 0.69821 0 0 0 0 0.3 0.38 0 0
1 1 0.684783 0 0 0 0 0.3 0.38 0 0
0 0 0.0439622 0 0 0 0 0 0 0 0
0 0 0.192053 0 0 0 0 0 0 0 0
0 0 0.18543 0 0 0 0 0 0 0 0
1 1 0.857143 0 0 0 0 0.3 0.38 100 0
1 1 0.887097 0 0 0 0 0.3 0.38 100 0
1 1 0.47486 0 0 0 0 0.3 0.38 86.67 0
1 1 0.596674 0 0 0 0 0.3 0.38 100 0
0 0 0.215292 0 0 0 0 0 0 0 0
0 0 0.59306 0 0 0 0 0 0 0 0
1 1 0.694444 0 0 0 0 0.3 0.38 0 0
1 1 0.623037 0 0 0 0 0.3 0.38 0 0
1 1 0.77451 0 0 0 0 0.3 0.38 0 0
1 1 0.711268 0 0 0 0 0.3 0.38 0 0
1 1 0.66092 0 0 0 0 0.3 0.38 0 0
1 1 0.423077 0 0 0 0 0.3 0.38 0 0
1 1 0.791045 0 0 0 0 0.3 0.38 0 0
1 1 0.778802 0 0 0 0 0.3 0.38 0 0
1 1 0.734783 0 0 0 0 0.3 0.38 0 0
1 1 0.716475 0 0 0 0 0.3 0.38 0 0
1 1 0.48254 0 0 0 0 0.3 0.38 66.67 0
1 1 0.726688 0 0 0 0 0.3 0.38 0 0
1 1 0.729665 0 0 0 0 0.3 0.38 0 0
1 1 0.69821 0 0 0 0 0.3 0.38 0 0
1 1 0.684783 0 0 0 0 0.3 0.38 0 0
0 0 0.0439622 0 0 0 0 0 0 0 0
0 0 0.192053 0 0 0 0 0 0 0 0
0 0 0.18543 0 0 0 0 0 0 0 0
1 1 0.857143 0 0 0 0 0.3 0.38 100 0
1 1 0.887097 0 0 0 0 0.3 0.38 100 0
1 1 0.47486 0 0 0 0 0.3 0.38 86.67 0
1 1 0.596674 0 0 0 0 0.3 0.38 100 0
0 0 0.215292 0 0 0 0 0 0 0 0
0 0 0.59306 0 0 0 0 0 0 0 0
1 1 0.694444 0 0 0 0 0.3 0.38 0 0
1 1 0.623037 0 0 0 0 0.3 0.38 0 0
1 1 0.77451 0 0 0 0 0.3 0.38 0 0
1 1 0.711268 0 0 0 0 0.3 0.38 0 0
1 1 0.66092 0 0 0 0 0.3 0.38 0 0
1 1 0.423077 0 0 0 0 0.3 0.38 0 0
1 1 0.791045 0 0 0 0 0.3 0.38 0 0
1 1 0.778802 0 0 0 0 0.3 0.38 0 0
1 1 0.734783 0 0 0 0 0.3 0.38 0 0
1 1 0.716475 0 0 0 0 0.3 0.38 0 0
1 1 0.48254 0 0 0 0 0.3 0.38 66.67 0
1 1 0.726688 0 0 0 0 0.3 0.38 0 0
1 1 0.729665 0 0 0 0 0.3 0.38 0 0
1 1 0.69821 0 0 0 0 0.3 0.38 0 0
1 1 0.684783 0 0 0 0 0.3 0.38 0 0
0 0 0.0439622 0 0 0 0 0 0 0 0
0 0 0.192053 0 0 0 0 0 0 0 0
0 0 0.18543 0 0 0 0 0 0 0 0
1 1 0.857143 0 0 0 0 0.3 0.38 100 0
1 1 0.887097 0 0 0 0 0.3 0.38 100 0
1 1 0.47486 0 0 0 0 0.3 0.38 86.67 0
1 1 0.596674 0 0 0 0 0.3 0.38 100 0
0 0 0.215292 0 0 0 0 0 0 0 0
0 0 0.59306 0 0 0 0 0 0 0 0
1 1 0.694444 0 0 0 0 0.3 0.38 0 0
1 1 0.623037 0 0 0 0 0.3 0.38 0 0
1 1 0.77451 0 0 0 0 0.3 0.38 0 0
1 1 0.711268 0 0 0 0 0.3 0.38 0 0
1 1 0.66092 0 0 0 0 0.3 0.38 0 0
1 1 0.423077 0 0 0 0 0.3 0.38 0 0
1 1 0.791045 0 0 0 0 0.3 0.38 0 0
1 1 0.778802 0 0 0 0 0.3 0.38 0 0
1 1 0.734783 0 0 0 0 0.3 0.38 0 0
1 1 0.716475 0 0 0 0 0.3 0.38 0 0
1 1 0.48254 0 0 0 0 0.3 0.38 66.67 0
1 1 0.726688 0 0 0 0 0.3 0.38 0 0
1 1 0.729665 0 0 0 0 0.3 0.38 0 0
1 1 0.69821 0 0 0 0 0.3 0.38 0 0
1 1 0.684783 0 0 0 0 0.3 0.38 0 0
0 0 0.0439622 0 0 0 0 0 0 0 0
0 0 0.192053 0 0 0 0 0 0 0 0
0 0 0.18543 0 0 0 0 0 0 0 0
1 1 0.857143 0 0 0 0 0.3 0.38 100 0
1 1 0.887097 0 0 0 0 0.3 0.38 100 0
1 1 0.47486 0 0 0 0 0.3 0.38 86.67 0
1 1 0.596674 0 0 0 0 0.3 0.38 100 0
0 0 0.215292 0 0 0 0 0 0 0 0
0 0 0.59306 0 0 0 0 0 0 0 0
1 1 0.694444 0 0 0 0 0.3 0.38 0 0
1 1 0.623037 0 0 0 0 0.3 0.38 0 0
1 1 0.77451 0 0 0 0 0.3 0.38 0 0
1 1 0.711268 0 0 0 0 0.3 0.38 0 0
1 1 0.66092 0 0 0 0 0.3 0.38 0 0
1 1 0.423077 0 0 0 0 0.3 0.38 0 0
1 1 0.791045 0 0 0 0 0.3 0.38 0 0
1 1 0.778802 0 0 0 0 0.3 0.38 0 0
1 1 0.734783 0 0 0 0 0.3 0.38 0 0
1 1 0.716475 0 0 0 0 0.3 0.38 0 0
1 1 0.48254 0 0 0 0 0.3 0.38 66.67 0
1 1 0.726688 0 0 0 0 0.3 0.38 0 0
1 1 0.729665 0 0 0 0 0.3 0.38 0 0
1 1 0.69821 0 0 0 0 0.3 0.38 0 0
1 1 0.684783 0 0 0 0 0.3 0.38 0 0
0 0 0.0439622 0 0 0 0 0 0 0 0
0 0 0.192053 0 0 0 0 0 0 0 0
0 0 0.18543 0 0 0 0 0 0 0 0
1 1 0.857143 0 0 0 0 0.3 0.38 100 0
1 1 0.887097 0 0 0 0 0.3 0.38 100 0
1 1 0.47486 0 0 0 0 0.3 0.38 86.67 0
1 1 0.596674 0 0 0 0 0.3 0.38 100 0
0 0 0.215292 0 0 0 0 0 0 0 0
0 0 0.59306 0 0 0 0 0 0 0 0
1 1 0.694444 0 0 0 0 0.3 0.38 0 0
1 1 0.623037 0 0 0 0 0.3 0.38 0 0
1 1 0.77451 0 0 0 0 0.3 0.38 0 0
1 1 0.711268 0 0 0 0 0.3 0.38 0 0
1 1 0.66092 0 0 0 0 0.3 0.38 0 0
1 1 0.423077 0 0 0 0 0.3 0.38 0 0
1 1 0.791045 0 0 0 0 0.3 0.38 0 0
1 1 0.778802 0 0 0 0 0.3 0.38 0 0
1 1 0.734783 0 0 0 0 0.3 0.38 0 0
1 1 0.716475 0 0 0 0 0.3 0.38 0 0
1 1 0.48254 0 0 0 0 0.3 0.38 66.67 0
1 1 0.726688 0 0 0 0 0.3 0.38 0 0
1 1 0.729665 0 0 0 0 0.3 0.38 0 0
1 1 0.69821 0 0 0 0 0.3 0.38 0 0
1 1 0.684783 0 0 0 0 0.3 0.38 0 0
0 0 0.0439622 0 0 0 0 0 0 0 0
0 0 0.192053 0 0 0 0 0 0 0 0
0 0 0.18543 0 0 0 0 0 0 0 0
1 1 0.857143 0 0 0 0 0.3 0.38 100 0
1 1 0.887097 0 0 0 0 0.3 0.38 100 0
1 1 0.47486 0 0 0 0 0.3 0.38 86.67 0
1 1 0.596674 0 0 0 0 0.3 0.38 100 0
0 0 0.215292 0 0 0 0 0 0 0 0
0 0 0.59306 0 0 0 0 0 0 0 0
1 1 0.694444 0 0 0 0 0.3 0.38 0 0
1 1 0.623037 0 0 0 0 0.3 0.38 0 0
1 1 0.77451 0 0 0 0 0.3 0.38 0 0
1 1 0.711268 0 0 0 0 0.3 0.38 0 0
1 1 0.66092 0 0 0 0 0.3 0.38 0 0
1 1 0.423077 0 0 0 0 0.3 0.38 0 0
1 1 0.791045 0 0 0 0 0.3 0.38 0 0
1 1 0.778802 0 0 0 0 0.3 0.38 0 0
1 1 0.734783 0 0 0 0 0.3 0.38 0 0
1 1 0.716475 0 0 0 0 0.3 0.38 0 0
1 1 0.48254 0 0 0 0 0.3 0.38 66.67 0
1 1 0.726688 0 0 0 0 0.3 0.38 0 0
1 1 0.729665 0 0 0 0 0.3 0.38 0 0
1 1 0.69821 0 0 0 0 0.3 0.38 0 0
1 1 0.684783 0 0 0 0 0.3 0.38 0 0
0 0 0.0439622 0 0 0 0 0 0 0 0
0 0 0.192053 0 0 0 0 0 0 0 0
0 0 0.18543 0 0 0 0 0 0 0 0
1 1 0.857143 0 0 0 0 0.3 0.38 100 0
1 1 0.887097 0 0 0 0 0.3 0.38 100 0
1 1 0.47486 0 0 0 0 0.3 0.38 86.67 0
1 1 0.596674 0 0 0 0 0.3 0.38 100 0
0 0 0.215292 0 0 0 0 0 0 0 0
0 0 0.626667 0 0 0 0 0 0 0 0
1 1 0.694444 0 0 0 0 0.3 0.38 0 0
1 1 0.623037 0 0 0 0 0.3 0.38 0 0
1 1 0.77451 0 0 0 0 0.3 0.38 0 0
1 1 0.711268 0 0 0 0 0.3 0.38 0 0
1 1 0.66092 0 0 0 0 0.3 0.38 0 0
1 1 0.423077 0 0 0 0 0.3 0.38 0 0
1 1 0.791045 0 0 0 0 0.3 0.38 0 0
1 1 0.778802 0 0 0 0 0.3 0.38 0 0
1 1 0.734783 0 0 0 0 0.3 0.38 0 0
1 1 0.716475 0 0 0 0 0.3 0.38 0 0
1 1 0.48254 0 0 0 0 0.3 0.38 66.67 0
1 1 0.726688 0 0 0 0 0.3 0.38 0 0
1 1 0.729665 0 0 0 0 0.3 0.38 0 0
1 1 0.69821 0 0 0 0 0.3 0.38 0 0
1 1 0.684783 0 0 0 0 0.3 0.38 0 0
0 0 0.0439622 0 0 0 0 0 0 0 0
0 0 0.192053 0 0 0 0 0 0 0 0
0 0 0.18543 0 0 0 0 0 0 0 0
1 1 0.857143 0 0 0 0 0.3 0.38 100 0
1 1 0.887097 0 0 0 0 0.3 0.38 100 0
1 1 0.47486 0 0 0 0 0.3 0.38 86.67 0
1 1 0.596674 0 0 0 0 0.3 0.38 100 0
0 0 0.215292 0 0 0 0 0 0 0 0
0 0 0.59306 0 0 0 0 0 0 0 0
1 1 0.694444 0 0 0 0 0.3 0.38 0 0
1 1 0.623037 0 0 0 0 0.3 0.38 0 0
1 1 0.77451 0 0 0 0 0.3 0.38 0 0
1 1 0.711268 0 0 0 0 0.3 0.38 0 0
1 1 0.66092 0 0 0 0 0.3 0.38 0 0
1 1 0.423077 0 0 0 0 0.3 0.38 0 0
1 1 0.791045 0 0 0 0 0.3 0.38 0 0
1 1 0.778802 0 0 0 0 0.3 0.38 0 0
1 1 0.734783 0 0 0 0 0.3 0.38 0 0
1 1 0.716475 0 0 0 0 0.3 0.38 0 0
1 1 0.48254 0 0 0 0 0.3 0.38 66.67 0
1 1 0.726688 0 0 0 0 0.3 0.38 0 0
1 1 0.729665 0 0 0 0 0.3 0.38 0 0
1 1 0.69821 0 0 0 0 0.3 0.38 0 0
1 1 0.684783 0 0 0 0 0.3 0.38 0 0
0 0 0.0439622 0 0 0 0 0 0 0 0
0 0 0.192053 0 0 0 0 0 0 0 0
0 0 0.18543 0 0 0 0 0 0 0 0
1 1 0.857143 0 0 0 0 0.3 0.38 100 0
1 1 0.887097 0 0 0 0 0.3 0.38 100 0
1 1 0.47486 0 0 0 0 0.3 0.38 86.67 0
1 1 0.596674 0 0 0 0 0.3 0.38 100 0
0 0 0.215292 0 0 0 0 0 0 0 0
0 0 0.59306 0 0 0 0 0 0 0 0
1 1 0.694444 0 0 0 0 0.3 0.38 0 0
1 1 0.623037 0 0 0 0 0.3 0.38 0 0
1 1 0.77451 0 0 0 0 0.3 0.38 0 0
1 1 0.711268 0 0 0 0 0.3 0.38 0 0
1 1 0.66092 0 0 0 0 0.3 0.38 0 0
1 1 0.423077 0 0 0 0 0.3 0.38 0 0
1 1 0.791045 0 0 0 0 0.3 0.38 0 0
1 1 0.778802 0 0 0 0 0.3 0.38 0 0
1 1 0.734783 0 0 0 0 0.3 0.38 0 0
1 1 0.716475 0 0 0 0 0.3 0.38 0 0
1 1 0.48254 0 0 0 0 0.3 0.38 66.67 0
1 1 0.726688 0 0 0 0 0.3 0.38 0 0
1 1 0.729665 0 0 0 0 0.3 0.38 0 0
1 1 0.69821 0 0 0 0 0.3 0.38 0 0
1 1 0.684783 0 0 0 0 0.3 0.38 0 0
0 0 0.0439622 0 0 0 0 0 0 0 0
0 0 0.192053 0 0 0 0 0 0 0 0
0 0 0.18543 0 0 0 0 0 0 0 0
1 1 0.857143 0 0 0 0 0.3 0.38 100 0
1 1 0.887097 0 0 0 0 0.3 0.38 100 0
1 1 0.47486 0 0 0 0 0.3 0.38 86.67 0
1 1 0.596674 0 0 0 0 0.3 0.38 100 0
0 0 0.215292 0 0 0 0 0 0 0 0
0 0 0.59306 0 0 0 0 0 0 0 0
1 1 0.694444 0 0 0 0 0.3 0.38 0 0
1 1 0.623037 0 0 0 0 0.3 0.38 0 0
1 1 0.77451 0 0 0 0 0.3 0.38 0 0
1 1 0.711268 0 0 0 0 0.3 0.38 0 0
1 1 0.66092 0 0 0 0 0.3 0.38 0 0
1 1 0.423077 0 0 0 0 0.3 0.38 0 0
1 1 0.791045 0 0 0 0 0.3 0.38 0 0
1 1 0.778802 0 0 0 0 0.3 0.38 0 0
1 1 0.734783 0 0 0 0 0.3 0.38 0 0
1 1 0.716475 0 0 0 0 0.3 0.38 0 0
1 1 0.48254 0 0 0 0 0.3 0.38 66.67 0
1 1 0.726688 0 0 0 0 0.3 0.38 0 0
1 1 0.729665 0 0 0 0 0.3 0.38 0 0
1 1 0.69821 0 0 0 0 0.3 0.38 0 0
1 1 0.684783 0 0 0 0 0.3 0.38 0 0
0 0 0.0439622 0 0 0 0 0 0 0 0
0 0 0.192053 0 0 0 0 0 0 0 0
0 0 0.18543 0 0 0 0 0 0 0 0
1 1 0.857143 0 0 0 0 0.3 0.38 100 0
1 1 0.887097 0 0 0 0 0.3 0.38 100 0
1 1 0.47486 0 0 0 0 0.3 0.38 86.67 0
1 1 0.596674 0 0 0 0 0.3 0.38 100 0
0 0 0.215292 0 0 0 0 0 0 0 0
0 0 0.59306 0 0 0 0 0 0 0 0
1 1 0.694444 0 0 0 0 0.3 0.38 0 0
1 1 0.623037 0 0 0 0 0.3 0.38 0 0
1 1 0.77451 0 0 0 0 0.3 0.38 0 0
1 1 0.711268 0 0 0 0 0.3 0.38 0 0
1 1 0.66092 0 0 0 0 0.3 0.38 0 0
1 1 0.423077 0 0 0 0 0.3 0.38 0 0
1 1 0.791045 0 0 0 0 0.3 0.38 0 0
1 1 0.778802 0 0 0 0 0.3 0.38 0 0
1 1 0.734783 0 0 0 0 0.3 0.38 0 0
1 1 0.716475 0 0 0 0 0.3 0.38 0 0
1 1 0.48254 0 0 0 0 0.3 0.38 66.67 0
1 1 0.726688 0 0 0 0 0.3 0.38 0 0
1 1 0.729665 0 0 0 0 0.3 0.38 0 0
1 1 0.69821 0 0 0 0 0.3 0.38 0 0
1 1 0.684783 0 0 0 0 0.3 0.38 0 0
0 0 0.0439622 0 0 0 0 0 0 0 0
0 0 0.192053 0 0 0 0 0 0 0 0
0 0 0.18543 0 0 0 0 0 0 0 0
1 1 0.857143 0 0 0 0 0.3 0.38 100 0
1 1 0.887097 0 0 0 0 0.3 0.38 100 0
1 1 0.47486 0 0 0 0 0.3 0.38 86.67 0
1 1 0.596674 0 0 0 0 0.3 0.38 100 0
0 0 0.215292 0 0 0 0 0 0 0 0
0 0 0.59306 0 0 0 0 0 0 0 0
1 1 0.694444 0 0 0 0 0.3 0.38 0 0
1 1 0.623037 0 0 0 0 0.3 0.38 0 0
1 1 0.77451 0 0 0 0 0.3 0.38 0 0
1 1 0.711268 0 0 0 0 0.3 0.38 0 0
1 1 0.66092 0 0 0 0 0.3 0.38 0 0
1 1 0.423077 0 0 0 0 0.3 0.38 0 0
1 1 0.791045 0 0 0 0 0.3 0.38 0 0
1 1 0.778802 0 0 0 0 0.3 0.38 0 0
1 1 0.734783 0 0 0 0 0.3 0.38 0 0
1 1 0.716475 0 0 0 0 0.3 0.38 0 0
1 1 0.48254 0 0 0 0 0.3 0.38 66.67 0
1 1 0.726688 0 0 0 0 0.3 0.38 0 0
1 1 0.729665 0 0 0 0 0.3 0.38 0 0
1 1 0.69821 0 0 0 0 0.3 0.38 0 0
1 1 0.684783 0 0 0 0 0.3 0.38 0 0
0 0 0.0439622 0 0 0 0 0 0 0 0
0 0 0.192053 0 0 0 0 0 0 0 0
0 0 0.18543 0 0 0 0 0 0 0 0
1 1 0.857143 0 0 0 0 0.3 0.38 100 0
1 1 0.887097 0 0 0 0 0.3 0.38 100 0
1 1 0.47486 0 0 0 0 0.3 0.38 86.67 0
1 1 0.596674 0 0 0 0 0.3 0.38 100 0
0 0 0.215292 0 0 0 0 0 0 0 0
0 0 0.59306 0 0 0 0 0 0 0 0
1 1 0.694444 0 0 0 0 0.3 0.38 0 0
1 1 0.623037 0 0 0 0 0.3 0.38 0 0
1 1 0.77451 0 0 0 0 0.3 0.38 0 0
1 1 0.711268 0 0 0 0 0.3 0.38 0 0
1 1 0.66092 0 0 0 0 0.3 0.38 0 0
1 1 0.423077 0 0 0 0 0.3 0.38 0 0
1 1 0.791045 0 0 0 0 0.3 0.38 0 0
1 1 0.778802 0 0 0 0 0.3 0.38 0 0
1 1 0.734783 0 0 0 0 0.3 0.38 0 0
1 1 0.716475 0 0 0 0 0.3 0.38 0 0
1 1 0.48254 0 0 0 0 0.3 0.38 66.67 0
1 1 0.726688 0 0 0 0 0.3 0.38 0 0
1 1 0.729665 0 0 0 0 0.3 0.38 0 0
1 1 0.69821 0 0 0 0 0.3 0.38 0 0
1 1 0.684783 0 0 0 0 0.3 0.38 0 0
0 0 0.0439622 0 0 0 0 0 0 0 0
0 0 0.192053 0 0 0 0 0 0 0 0
0 0 0.18543 0 0 0 0 0 0 0 0
1 1 0.857143 0 0 0 0 0.3 0.38 100 0
1 1 0.887097 0 0 0 0 0.3 0.38 100 0
1 1 0.47486 0 0 0 0 0.3 0.38 86.67 0
1 1 0.596674 0 0 0 0 0.3 0.38 100 0
0 0 0.215292 0 0 0 0 0 0 0 0
0 0 0.59306 0 0 0 0 0 0 0 0
1 1 0.694444 0 0 0 0 0.3 0.38 0 0
1 1 0.623037 0 0 0 0 0.3 0.38 0 0
1 1 0.77451 0 0 0 0 0.3 0.38 0 0
1 1 0.711268 0 0 0 0 0.3 0.38 0 0
1 1 0.66092 0 0 0 0 0.3 0.38 0 0
1 1 0.423077 0 0 0 0 0.3 0.38 0 0
1 1 0.791045 0 0 0 0 0.3 0.38 0 0
1 1 0.778802 0 0 0 0 0.3 0.38 0 0
1 1 0.734783 0 0 0 0 0.3 0.38 0 0
1 1 0.716475 0 0 0 0 0.3 0.38 0 0
1 1 0.48254 0 0 0 0 0.3 0.38 66.67 0
1 1 0.726688 0 0 0 0 0.3 0.38 0 0
1 1 0.729665 0 0 0 0 0.3 0.38 0 0
1 1 0.69821 0 0 0 0 0.3 0.38 0 0
1 1 0.684783 0 0 0 0 0.3 0.38 0 0
0 0 0.0439622 0 0 0 0 0 0 0 0
0 0 0.192053 0 0 0 0 0 0 0 0
0 0 0.18543 0 0 0 0 0 0 0 0
1 1 0.857143 0 0 0 0 0.3 0.38 100 0
1 1 0.887097 0 0 0 0 0.3 0.38 100 0
1 1 0.47486 0 0 0 0 0.3 0.38 86.67 0
1 1 0.596674 0 0 0 0 0.3 0.38 100 0
0 0 0.215292 0 0 0 0 0 0 0 0
0 0 0.59306 0 0 0 0 0 0 0 0
1 1 0.694444 0 0 0 0 0.3 0.38 0 0
1 1 0.623037 0 0 0 0 0.3 0.38 0 0
1 1 0.77451 0 0 0 0 0.3 0.38 0 0
1 1 0.711268 0 0 0 0 0.3 0.38 0 0
1 1 0.66092 0 0 0 0 0.3 0.38 0 0
1 1 0.423077 0 0 0 0 0.3 0.38 0 0
1 1 0.791045 0 0 0 0 0.3 0.38 0 0
1 1 0.778802 0 0 0 0 0.3 0.38 0 0
1 1 0.734783 0 0 0 0 0.3 0.38 0 0
1 1 0.716475 0 0 0 0 0.3 0.38 0 0
1 1 0.48254 0 0 0 0 0.3 0.38 66.67 0
1 1 0.726688 0 0 0 0 0.3 0.38 0 0
1 1 0.729665 0 0 0 0 0.3 0.38 0 0
1 1 0.69821 0 0 0 0 0.3 0.38 0 0
1 1 0.684783 0 0 0 0 0.3 0.38 0 0
0 0 0.0439622 0 0 0 0 0 0 0 0
0 0 0.192053 0 0 0 0 0 0 0 0
0 0 0.18543 0 0 0 0 0 0 0 0
1 1 0.857143 0 0 0 0 0.3 0.38 100 0
1 1 0.887097 0 0 0 0 0.3 0.38 100 0
1 1 0.47486 0 0 0 0 0.3 0.38 86.67 0
1 1 0.596674 0 0 0 0 0.3 0.38 100 0
0 0 0.215292 0 0 0 0 0 0 0 0
0 0 0.59306 0 0 0 0 0 0 0 0
1 1 0.694444 0 0 0 0 0.3 0.38 0 0
1 1 0.623037 0 0 0 0 0.3 0.38 0 0
1 1 0.77451 0 0 0 0 0.3 0.38 0 0
1 1 0.711268 0 0 0 0 0.3 0.38 0 0
1 1 0.66092 0 0 0 0 0.3 0.38 0 0
1 1 0.423077 0 0 0 0 0.3 0.38 0 0
1 1 0.791045 0 0 0 0 0.3 0.38 0 0
1 1 0.778802 0 0 0 0 0.3 0.38 0 0
1 1 0.734783 0 0 0 0 0.3 0.38 0 0
1 1 0.716475 0 0 0 0 0.3 0.38 0 0
1 1 0.48254 0 0 0 0 0.3 0.38 66.67 0
1 1 0.726688 0 0 0 0 0.3 0.38 0 0
1 1 0.729665 0 0 0 0 0.3 0.38 0 0
1 1 0.69821 0 0 0 0 0.3 0.38 0 0
1 1 0.684783 0 0 0 0 0.3 0.38 0 0
0 0 0.0439622 0 0 0 0 0 0 0 0
0 0 0.192053 0 0 0 0 0 0 0 0
0 0 0.18543 0 0 0 0 0 0 0 0
1 1 0.857143 0 0 0 0 0.3 0.38 100 0
1 1 0.887097 0 0 0 0 0.3 0.38 100 0
1 1 0.47486 0 0 0 0 0.3 0.38 86.67 0
1 1 0.596674 0 0 0 0 0.3 0.38 100 0
0 0 0.215292 0 0 0 0 0 0 0 0
0 0 0.59306 0 0 0 0 0 0 0 0
1 1 0.694444 0 0 0 0 0.3 0.38 0 0
1 1 0.623037 0 0 0 0 0.3 0.38 0 0
1 1 0.77451 0 0 0 0 0.3 0.38 0 0
1 1 0.711268 0 0 0 0 0.3 0.38 0 0
1 1 0.66092 0 0 0 0 0.3 0.38 0 0
1 1 0.423077 0 0 0 0 0.3 0.38 0 0
1 1 0.791045 0 0 0 0 0.3 0.38 0 0
1 1 0.778802 0 0 0 0 0.3 0.38 0 0
1 1 0.734783 0 0 0 0 0.3 0.38 0 0
1 1 0.716475 0 0 0 0 0.3 0.38 0 0
1 1 0.48254 0 0 0 0 0.3 0.38 66.67 0
1 1 0.726688 0 0 0 0 0.3 0.38 0 0
1 1 0.729665 0 0 0 0 0.3 0.38 0 0
1 1 0.69821 0 0 0 0 0.3 0.38 0 0
1 1 0.684783 0 0 0 0 0.3 0.38 0 0
0 0 0.0439622 0 0 0 0 0 0 0 0
0 0 0.192053 0 0 0 0 0 0 0 0
0 0 0.18543 0 0 0 0 0 0 0 0
0 0 0.216028 0 0 0 0 0 0 0 0
0 0 0.353448 0 0 0 0 0 0 0 0
0 0 0.47769 0 0 0 0 0 0 0 0
0 0 0.24 0 0 0 0 0 0 0 0
0 0 0.393701 0 0 0 0 0 0 0 0
1 1 0.700315 0 0 0 0 11.77 7.26 36.36 0
1 1 0.471311 0 0 0 0 15.41 9.87 100 0
0 0 0.241935 0 0 0 0 0 0 0 0
0 0 0.104693 0 0 0 0 0 0 0 0
1 0 0.248082 0 0 0 0 15.73 10.39 100 0
0 0 0.0900826 0 0 0 0 0 0 0 0
0 0 0.532548 0 0 0 0 0 0 0 0
0 0 0.0883895 0 0 0 0 0 0 0 0
1 0 0.336266 0 0 0 0 7.84 4.27 100 0
1 1 0.682353 0 0 0 0 8.28 4.73 100 0
0 0 0.178808 0 0 0 0 0 0 0 0
1 1 0.412752 0 0 0 0 8.05 4.61 100 0
1 1 0.516667 0 0 0 0 7.54 4.2 100 0
0 0 0.121857 0 0 0 0 0 0 0 0
1 1 0.124758 0 0 0 0 8.25 4.62 0 0
1 1 0.407843 0 0 0 0 7.21 3.93 0 0
0 0 0.11612 0 0 0 0 0 0 0 0
0 0 0.217172 0 0 0 0 0 0 0 0
0 0 0.21 0 0 0 0 0 0 0 0
1 1 0.274478 0 0 0 0 8.22 4.65 0 0
1 1 0.228121 0 0 0 0 8.22 4.65 0 0
0 0 0.341902 0 0 0 0 0 0 0 0
1 1 0.50989 0 0 0 0 8.27 4.66 0 0
0 0 0.249383 0 0 0 0 0 0 0 0
1 1 0.205749 0 0 0 0 8.24 4.65 0 0
0 0 0.0959165 0 0 0 0 0 0 0 0
0 0 0.312255 0 0 0 0 0 0 0 0
1 1 0.371007 0 0 0 0 10.71 7.08 76.92 0
1 0 0.370656 0 0 0 0 10.5 6.9 84.62 0
0 0 0.462848 0 0 0 0 0 0 0 0
0 0 0.19948 0 0 0 0 0 0 0 0
0 0 0.342558 0 0 0 0 0 0 0 0
1 1 0.358974 0 0 0 0 7.09 4.6 100 0
0 0 0.198676 0 0 0 0 0 0 0 0
1 0 0.672078 0 0 0 0 5.58 3.18 90.91 0
1 1 0.492063 0 0 0 0 5.27 2.87 100 0
0 0 0.246925 0 0 0 0 0 0 0 0
0 0 0.763085 0 0 0 0 0 0 0 0
1 0 0.313107 0 0 0 0 5.65 3.18 90.91 0
0 0 0.547917 0 0 0 0 0 0 0 0
1 0 0.397436 0 0 0 0 5.16 2.7 100 0
0 0 0.34902 0 0 0 0 0 0 0 0
1 1 0.36855 0 0 0 0 14.22 9.4 76.92 0
1 0 0.368726 0 0 0 0 13.93 9.17 84.62 0
0 0 0.459752 0 0 0 0 0 0 0 0
0 0 0.19948 0 0 0 0 0 0 0 0
0 0 0.345633 0 0 0 0 0 0 0 0
1 1 0.358974 0 0 0 0 9.41 6.12 100 0
0 0 0.314459 0 0 0 0 0 0 0 0
0 0 0.198676 0 0 0 0 0 0 0 0
1 0 0.672078 0 0 0 0 7.4 4.23 90.91 0
1 1 0.492063 0 0 0 0 6.99 3.82 100 0
0 0 0.216651 0 0 0 0 0 0 0 0
0 0 0.763085 0 0 0 0 0 0 0 0
1 0 0.337379 0 0 0 0 7.5 4.23 90.91 0
1 1 0.724409 0 0 0 0 7.63 4.23 100 0
0 0 0.701707 0 0 0 0 0 0 0 0
1 1 0.888889 0 0 0 0 6.86 3.89 60 0
1 1 0.562929 0 0 0 0 18.34 13.22 92.86 0
0 0 0.327418 0 0 0 0 0 0 0 0
0 0 0.460993 0 0 0 0 0 0 0 0
0 0 0.622867 0 0 0 0 0 0 0 0
0 0 0.359245 0 0 0 0 0 0 0 0
0 0 0.0702657 0 0 0 0 0 0 0 0
0 0 0.0938338 0 0 0 0 0 0 0 0
0 0 0.116883 0 0 0 0 0 0 0 0
0 0 0.298781 0 0 0 0 0 0 0 0
0 0 0.32296 0 0 0 0 0 0 0 0
0 0 0.231788 0 0 0 0 0 0 0 0
0 0 0.176211 0 0 0 0 0 0 0 0
0 0 0.198068 0 0 0 0 0 0 0 0
0 0 0.281046 0 0 0 0 0 0 0 0
0 0 0.065011 0 0 0 0 0 0 0 0
0 0 0.365289 0 0 0 0 0 0 0 0
0 0 0.602941 0 0 0 0 0 0 0 0
0 0 0.428082 0 0 0 0 0 0 0 0
0 0 0.501211 0 0 0 0 0 0 0 0
0 0 0.496296 0 0 0 0 0 0 0 0
1 1 0.52795 0 0 0 0 9.81 5.55 60 0
0 0 0.337369 0 0 0 0 0 0 0 0
1 0 0.791423 0 0 0 0 10.99 5.71 54.29 0
1 1 0.534836 0 0 0 0 9.6 5.45 57.89 0
1 1 0.731982 0 0 0 0 10.45 5.16 0 0
1 1 0.672578 0 0 0 0 10.45 5.16 0 0
1 0 0.635739 0 0 0 0 16.6 10.99 100 0
0 0 0.178808 0 0 0 0 0 0 0 0
0 0 0.170569 0 0 0 0 0 0 0 0
1 0 0.497159 0 0 0 0 5.16 3.61 100 0
0 0 0.247478 0 0 0 0 0 0 0 0
0 0 0.565789 0 0 0 0 0 0 0 0
0 0 0.457845 0 0 0 0 0 0 0 0
0 0 0.263775 0 0 0 0 0 0 0 0
0 0 0.237191 0 0 0 0 0 0 0 0
0 0 0.437148 0 0 0 0 0 0 0 0
0 0 0.385 0 0 0 0 0 0 0 0
0 0 0.319714 0 0 0 0 0 0 0 0
0 0 0.595745 0 0 0 0 0 0 0 0
0 0 0.653846 0 0 0 0 0 0 0 0
0 0 0.419355 0 0 0 0 0 0 0 0
