1 1 0.945289 0 0 0 0 10.83 6.58 0 0
1 1 0.945289 0 0 0 0 10.81 6.58 0 0
1 1 0.945289 0 0 0 0 10.61 6.44 0 0
1 1 0.690037 0 0 0 0 13.66 10.28 75 0
0 0 0.43035 0 0 0 0 0 0 0 0
1 1 0.767327 0 0 0 0 25.4 18.11 80 0
1 1 0.802885 0 0 0 0 25.96 18.72 80 0
1 1 0.509615 0 0 0 0 9.39 5.59 87.5 0
1 1 0.648562 0 0 0 0 16.5 10.64 87.5 0
0 0 0.509217 0 0 0 0 0 0 0 0
0 0 0.59802 0 0 0 0 0 0 0 0
0 0 0.864929 0 0 0 0 0 0 0 0
0 0 0.699115 0 0 0 0 0 0 0 0
0 0 0.424635 0 0 0 0 0 0 0 0
0 0 0.662088 0 0 0 0 0 0 0 0
0 0 0.533569 0 0 0 0 0 0 0 0
0 0 0.418421 0 0 0 0 0 0 0 0
0 0 0.265702 0 0 0 0 0 0 0 0
1 1 0.483245 0 0 0 0 10.33 6.14 37.5 0
1 1 0.767742 0 0 0 0 10.3 6.03 41.67 0
1 1 0.663516 0 0 0 0 10.55 6.02 38.89 0
1 1 0.633929 0 0 0 0 10.74 5.9 100 0
0 0 0.844687 0 0 0 0 0 0 0 0
1 0 0.595628 0 0 0 0 10.34 6.24 100 0
1 0 0.816326 0 0 0 0 12.2 7.33 100 0
1 1 0.854167 0 0 0 0 12.55 7.79 100 0
1 0 0.843243 0 0 0 0 14.35 9.68 90.62 0
1 0 0.650066 0 0 0 0 14.09 10.09 100 0
0 0 0.897163 0 0 0 0 0 0 0 0
1 1 0.444056 0 0 0 0 13.39 8.69 100 0
1 1 0.420863 0 0 0 0 12.45 7.67 100 0
0 0 0.459459 0 0 0 0 0 0 0 0
1 1 0.702213 0 0 0 0 14.33 9.24 100 0
1 0 0.546945 0 0 0 0 13.77 9.45 100 0
1 0 0.419098 0 0 0 0 13.49 11.28 100 0
0 0 0.501873 0 0 0 0 0 0 0 0
0 0 0.48842 0 0 0 0 0 0 0 0
1 1 0.891089 0 0 0 0 10.68 6.16 100 0
0 0 0.650718 0 0 0 0 0 0 0 0
0 0 0.688235 0 0 0 0 0 0 0 0
0 0 0.479245 0 0 0 0 0 0 0 0
0 0 0.566667 0 0 0 0 0 0 0 0
0 0 0.363431 0 0 0 0 0 0 0 0
0 0 0.428571 0 0 0 0 0 0 0 0
0 0 0.395105 0 0 0 0 0 0 0 0
0 0 0.488964 0 0 0 0 0 0 0 0
0 0 0.443219 0 0 0 0 0 0 0 0
0 0 0.538997 0 0 0 0 0 0 0 0
0 0 0.557276 0 0 0 0 0 0 0 0
0 0 0.789474 0 0 0 0 0 0 0 0
0 0 0.710345 0 0 0 0 0 0 0 0
0 0 0.708333 0 0 0 0 0 0 0 0
0 0 0.548781 0 0 0 0 0 0 0 0
0 0 0.535714 0 0 0 0 0 0 0 0
0 0 0.480916 0 0 0 0 0 0 0 0
0 0 0.905405 0 0 0 0 0 0 0 0
0 0 0.887324 0 0 0 0 0 0 0 0
0 0 0.511796 0 0 0 0 0 0 0 0
0 0 0.507812 0 0 0 0 0 0 0 0
0 0 0.828829 0 0 0 0 0 0 0 0
0 0 0.297959 0 0 0 0 0 0 0 0
0 0 0.302632 0 0 0 0 0 0 0 0
0 0 0.240816 0 0 0 0 0 0 0 0
0 0 0.620253 0 0 0 0 0 0 0 0
0 0 0.199115 0 0 0 0 0 0 0 0
0 0 0.175676 0 0 0 0 0 0 0 0
0 0 0.653521 0 0 0 0 0 0 0 0
0 0 0.234513 0 0 0 0 0 0 0 0
0 0 0.167149 0 0 0 0 0 0 0 0
0 0 0.52766 0 0 0 0 0 0 0 0
0 0 0.400463 0 0 0 0 0 0 0 0
0 0 0.407143 0 0 0 0 0 0 0 0
0 0 0.41037 0 0 0 0 0 0 0 0
0 0 0.429958 0 0 0 0 0 0 0 0
0 0 0.472313 0 0 0 0 0 0 0 0
0 0 0.318482 0 0 0 0 0 0 0 0
0 0 0.311475 0 0 0 0 0 0 0 0
0 0 0.350144 0 0 0 0 0 0 0 0
0 0 0.322275 0 0 0 0 0 0 0 0
0 0 0.443548 0 0 0 0 0 0 0 0
0 0 0.328391 0 0 0 0 0 0 0 0
0 0 0.673684 0 0 0 0 0 0 0 0
0 0 0.339272 0 0 0 0 0 0 0 0
0 0 0.566667 0 0 0 0 0 0 0 0
0 0 0.601302 0 0 0 0 0 0 0 0
0 0 0.296338 0 0 0 0 0 0 0 0
0 0 0.428571 0 0 0 0 0 0 0 0
0 0 0.395105 0 0 0 0 0 0 0 0
0 0 0.488964 0 0 0 0 0 0 0 0
0 0 0.443219 0 0 0 0 0 0 0 0
0 0 0.538997 0 0 0 0 0 0 0 0
0 0 0.557276 0 0 0 0 0 0 0 0
0 0 0.789474 0 0 0 0 0 0 0 0
0 0 0.710345 0 0 0 0 0 0 0 0
0 0 0.708333 0 0 0 0 0 0 0 0
0 0 0.548781 0 0 0 0 0 0 0 0
0 0 0.535714 0 0 0 0 0 0 0 0
0 0 0.480916 0 0 0 0 0 0 0 0
0 0 0.905405 0 0 0 0 0 0 0 0
0 0 0.887324 0 0 0 0 0 0 0 0
0 0 0.51114 0 0 0 0 0 0 0 0
0 0 0.539062 0 0 0 0 0 0 0 0
0 0 0.828829 0 0 0 0 0 0 0 0
0 0 0.297959 0 0 0 0 0 0 0 0
0 0 0.302632 0 0 0 0 0 0 0 0
0 0 0.240816 0 0 0 0 0 0 0 0
0 0 0.620253 0 0 0 0 0 0 0 0
0 0 0.199115 0 0 0 0 0 0 0 0
0 0 0.175676 0 0 0 0 0 0 0 0
0 0 0.653521 0 0 0 0 0 0 0 0
0 0 0.234513 0 0 0 0 0 0 0 0
0 0 0.167149 0 0 0 0 0 0 0 0
0 0 0.52766 0 0 0 0 0 0 0 0
0 0 0.400463 0 0 0 0 0 0 0 0
0 0 0.407143 0 0 0 0 0 0 0 0
0 0 0.41037 0 0 0 0 0 0 0 0
0 0 0.429958 0 0 0 0 0 0 0 0
0 0 0.472313 0 0 0 0 0 0 0 0
0 0 0.318482 0 0 0 0 0 0 0 0
0 0 0.311475 0 0 0 0 0 0 0 0
0 0 0.350144 0 0 0 0 0 0 0 0
0 0 0.322275 0 0 0 0 0 0 0 0
0 0 0.443548 0 0 0 0 0 0 0 0
0 0 0.328391 0 0 0 0 0 0 0 0
0 0 0.673684 0 0 0 0 0 0 0 0
0 0 0.339272 0 0 0 0 0 0 0 0
1 1 0.386555 0 0 0 0 13.55 8.79 0 0
0 0 0.0609319 0 0 0 0 0 0 0 0
1 1 0.861004 0 0 0 0 13.44 9.28 0 0
1 1 0.573209 0 0 0 0 12.31 6.92 53.85 0
0 0 0.575758 0 0 0 0 0 0 0 0
1 1 0.364706 0 0 0 0 14.97 9.57 100 0
0 0 0.678161 0 0 0 0 0 0 0 0
0 0 0.626984 0 0 0 0 0 0 0 0
0 0 0.798942 0 0 0 0 0 0 0 0
1 1 0.939891 0 0 0 0 15.45 10.15 100 0
0 0 0.053286 0 0 0 0 0 0 0 0
0 0 0.154412 0 0 0 0 0 0 0 0
0 0 0.331818 0 0 0 0 0 0 0 0
1 1 0.508475 0 0 0 0 15.05 9.81 100 0
1 1 0.594495 0 0 0 0 9.3 5.14 75 0
1 1 0.737475 0 0 0 0 9.31 5.14 73.33 0
1 1 0.583333 0 0 0 0 13.34 8.75 100 0
0 0 0.263102 0 0 0 0 0 0 0 0
0 0 0.549213 0 0 0 0 0 0 0 0
1 1 0.5 0 0 0 0 14.87 9.65 100 0
1 0 0.565421 0 0 0 0 15.4 10.35 100 0
1 0 0.635803 0 0 0 0 15.48 10.42 53.85 0
1 0 0.63913 0 0 0 0 15.47 10.44 75 0
1 1 0.614173 0 0 0 0 16.9 11.57 46.67 0
1 1 0.808219 0 0 0 0 16.04 10.5 100 0
1 1 0.77707 0 0 0 0 13.72 8.45 100 0
1 1 0.695122 0 0 0 0 13.56 8.26 0 0
0 0 0.862903 0 0 0 0 0 0 0 0
0 0 0.589386 0 0 0 0 0 0 0 0
0 0 0.355932 0 0 0 0 0 0 0 0
1 1 0.691606 0 0 0 0 13.24 8.02 0 0
1 1 0.654781 0 0 0 0 13.58 8.19 0 0
1 1 0.77707 0 0 0 0 13.72 8.45 100 0
1 1 0.695122 0 0 0 0 13.56 8.26 0 0
0 0 0.862903 0 0 0 0 0 0 0 0
0 0 0.589386 0 0 0 0 0 0 0 0
0 0 0.355932 0 0 0 0 0 0 0 0
1 1 0.691606 0 0 0 0 13.24 8.02 0 0
1 1 0.654781 0 0 0 0 13.58 8.19 0 0
1 1 0.77707 0 0 0 0 13.72 8.45 100 0
1 1 0.695122 0 0 0 0 13.56 8.26 0 0
0 0 0.862903 0 0 0 0 0 0 0 0
0 0 0.589386 0 0 0 0 0 0 0 0
0 0 0.355932 0 0 0 0 0 0 0 0
1 1 0.691606 0 0 0 0 13.24 8.02 0 0
1 1 0.654781 0 0 0 0 13.58 8.19 0 0
1 1 0.77707 0 0 0 0 13.72 8.45 100 0
1 1 0.695122 0 0 0 0 13.56 8.26 0 0
0 0 0.862903 0 0 0 0 0 0 0 0
0 0 0.589386 0 0 0 0 0 0 0 0
0 0 0.355932 0 0 0 0 0 0 0 0
1 1 0.691606 0 0 0 0 13.24 8.02 0 0
1 1 0.654781 0 0 0 0 13.58 8.19 0 0
1 1 0.77707 0 0 0 0 13.72 8.45 100 0
1 1 0.695122 0 0 0 0 13.56 8.26 0 0
0 0 0.862903 0 0 0 0 0 0 0 0
0 0 0.589386 0 0 0 0 0 0 0 0
0 0 0.355932 0 0 0 0 0 0 0 0
1 1 0.691606 0 0 0 0 13.24 8.02 0 0
1 1 0.654781 0 0 0 0 13.58 8.19 0 0
1 1 0.734423 0 0 0 0 19.12 14.02 0 0
1 1 0.565138 0 0 0 0 8.64 5 53.85 0
0 0 0.762887 0 0 0 0 0 0 0 0
0 0 0.443038 0 0 0 0 0 0 0 0
1 1 0.707865 0 0 0 0 8.82 4.98 63.64 0
1 1 0.651741 0 0 0 0 9.53 5.78 87.5 0
1 1 0.545455 0 0 0 0 10.33 5.97 57.14 0
0 0 0.291667 0 0 0 0 0 0 0 0
1 1 0.723577 0 0 0 0 9.45 5.36 80 0
1 1 0.51448 0 0 0 0 10.88 6.63 84.62 0
0 0 0.540395 0 0 0 0 0 0 0 0
0 0 0.380282 0 0 0 0 0 0 0 0
0 0 0.865079 0 0 0 0 0 0 0 0
0 0 0.298947 0 0 0 0 0 0 0 0
0 0 0.78866 0 0 0 0 0 0 0 0
0 0 0.4375 0 0 0 0 0 0 0 0
0 0 0.75 0 0 0 0 0 0 0 0
0 0 0.564935 0 0 0 0 0 0 0 0
0 0 0.543237 0 0 0 0 0 0 0 0
0 0 0.41088 0 0 0 0 0 0 0 0
0 0 0.451613 0 0 0 0 0 0 0 0
0 0 0.399267 0 0 0 0 0 0 0 0
1 0 0.69697 0 0 0 0 11.55 6.58 55.56 0
1 1 0.915888 0 0 0 0 10.24 7.11 100 0
1 1 0.65894 0 0 0 0 10.85 7.13 100 0
0 0 0.191809 0 0 0 0 0 0 0 0
0 0 0.647525 0 0 0 0 0 0 0 0
1 1 0.556561 0 0 0 0 10.21 6.01 100 0
1 0 0.601942 0 0 0 0 12.69 7.75 100 0
0 0 0.461499 0 0 0 0 0 0 0 0
0 0 0.226845 0 0 0 0 0 0 0 0
0 0 0.385838 0 0 0 0 0 0 0 0
0 0 0.401449 0 0 0 0 0 0 0 0
0 0 0.797436 0 0 0 0 0 0 0 0
0 0 0.604082 0 0 0 0 0 0 0 0
0 0 0.635152 0 0 0 0 0 0 0 0
0 0 0.607383 0 0 0 0 0 0 0 0
1 1 0.733219 0 0 0 0 11.59 6.44 94.44 0
1 1 0.712565 0 0 0 0 11.44 6.31 94.12 0
1 1 0.937198 0 0 0 0 11.02 7.05 100 0
0 0 0.787879 0 0 0 0 0 0 0 0
0 0 0.79 0 0 0 0 0 0 0 0
1 1 0.509434 0 0 0 0 10.6 7.09 76.67 0
0 0 0.733219 0 0 0 0 0 0 0 0
0 0 0.712565 0 0 0 0 0 0 0 0
0 0 0.937198 0 0 0 0 0 0 0 0
0 0 0.787879 0 0 0 0 0 0 0 0
0 0 0.79 0 0 0 0 0 0 0 0
0 0 0.509434 0 0 0 0 0 0 0 0
1 1 0.733219 0 0 0 0 11.56 6.43 94.44 0
0 0 0.556291 0 0 0 0 0 0 0 0
0 0 0.837398 0 0 0 0 0 0 0 0
1 1 0.781746 0 0 0 0 10.54 6.21 77.78 0
1 1 0.851658 0 0 0 0 10.68 5.75 50 0
1 1 0.679537 0 0 0 0 10.86 6.62 100 0
0 0 0.447293 0 0 0 0 0 0 0 0
1 1 0.56746 0 0 0 0 10.38 5.8 90.91 0
0 0 0.837398 0 0 0 0 0 0 0 0
1 1 0.781746 0 0 0 0 10.54 6.21 77.78 0
1 1 0.851658 0 0 0 0 10.68 5.75 50 0
1 1 0.679537 0 0 0 0 10.86 6.62 100 0
0 0 0.447293 0 0 0 0 0 0 0 0
1 1 0.56746 0 0 0 0 10.38 5.8 90.91 0
0 0 0.837398 0 0 0 0 0 0 0 0
1 1 0.781746 0 0 0 0 10.54 6.21 77.78 0
1 1 0.851658 0 0 0 0 10.68 5.75 50 0
1 1 0.679537 0 0 0 0 10.86 6.62 100 0
0 0 0.447293 0 0 0 0 0 0 0 0
1 1 0.56746 0 0 0 0 10.38 5.8 90.91 0
0 0 0.423645 0 0 0 0 0 0 0 0
1 1 0.748201 0 0 0 0 15.13 9.24 100 0
0 0 0.423645 0 0 0 0 0 0 0 0
1 1 0.748201 0 0 0 0 15.13 9.24 100 0
1 0 0.588571 0 0 0 0 0 0 0 0
1 0 0.569444 0 0 0 0 0 0 0 0
0 0 0.600619 0 0 0 0 0 0 0 0
0 0 0.496241 0 0 0 0 0 0 0 0
0 0 0.440909 0 0 0 0 0 0 0 0
0 0 0.536986 0 0 0 0 0 0 0 0
0 0 0.379292 0 0 0 0 0 0 0 0
0 0 0.606464 0 0 0 0 0 0 0 0
0 0 0.725738 0 0 0 0 0 0 0 0
0 0 0.657459 0 0 0 0 0 0 0 0
0 0 0.5375 0 0 0 0 0 0 0 0
0 0 0.517993 0 0 0 0 0 0 0 0
0 0 0.669261 0 0 0 0 0 0 0 0
0 0 0.469636 0 0 0 0 0 0 0 0
0 0 0.508906 0 0 0 0 0 0 0 0
0 0 0.557692 0 0 0 0 0 0 0 0
0 0 0.135922 0 0 0 0 0 0 0 0
0 0 0.446602 0 0 0 0 0 0 0 0
0 0 0.433962 0 0 0 0 0 0 0 0
0 0 0.0855018 0 0 0 0 0 0 0 0
0 0 0.539259 0 0 0 0 0 0 0 0
0 0 0.173913 0 0 0 0 0 0 0 0
0 0 0.227337 0 0 0 0 0 0 0 0
0 0 0.272378 0 0 0 0 0 0 0 0
0 0 0.21952 0 0 0 0 0 0 0 0
0 0 0.504042 0 0 0 0 0 0 0 0
0 0 0.0589789 0 0 0 0 0 0 0 0
0 0 0.542962 0 0 0 0 0 0 0 0
0 0 0.577528 0 0 0 0 0 0 0 0
0 0 0.551574 0 0 0 0 0 0 0 0
0 0 0.403658 0 0 0 0 0 0 0 0
0 0 0.490558 0 0 0 0 0 0 0 0
0 0 0.487621 0 0 0 0 0 0 0 0
0 0 0.191097 0 0 0 0 0 0 0 0
0 0 0.545285 0 0 0 0 0 0 0 0
0 0 0.39504 0 0 0 0 0 0 0 0
0 0 0.0724863 0 0 0 0 0 0 0 0
0 0 0.553191 0 0 0 0 0 0 0 0
0 0 0.56701 0 0 0 0 0 0 0 0
0 0 0.60221 0 0 0 0 0 0 0 0
0 0 0.725738 0 0 0 0 0 0 0 0
0 0 0.657459 0 0 0 0 0 0 0 0
0 0 0.5375 0 0 0 0 0 0 0 0
0 0 0.516903 0 0 0 0 0 0 0 0
0 0 0.669261 0 0 0 0 0 0 0 0
0 0 0.469636 0 0 0 0 0 0 0 0
0 0 0.525714 0 0 0 0 0 0 0 0
0 0 0.493671 0 0 0 0 0 0 0 0
0 0 0.204838 0 0 0 0 0 0 0 0
0 0 0.432251 0 0 0 0 0 0 0 0
0 0 0.556604 0 0 0 0 0 0 0 0
0 0 0.394764 0 0 0 0 0 0 0 0
0 0 0.37458 0 0 0 0 0 0 0 0
0 0 0.397273 0 0 0 0 0 0 0 0
0 0 0.985452 0 0 0 0 0 0 0 0
0 0 0.468286 0 0 0 0 0 0 0 0
0 0 0.399149 0 0 0 0 0 0 0 0
0 0 0.47454 0 0 0 0 0 0 0 0
0 0 0.721311 0 0 0 0 0 0 0 0
0 0 0.507194 0 0 0 0 0 0 0 0
0 0 0.57027 0 0 0 0 0 0 0 0
0 0 0.468295 0 0 0 0 0 0 0 0
0 0 0.433242 0 0 0 0 0 0 0 0
0 0 0.472033 0 0 0 0 0 0 0 0
0 0 0.508904 0 0 0 0 0 0 0 0
0 0 0.716129 0 0 0 0 0 0 0 0
0 0 0.771429 0 0 0 0 0 0 0 0
0 0 0.410616 0 0 0 0 0 0 0 0
0 0 0.458213 0 0 0 0 0 0 0 0
0 0 0.716129 0 0 0 0 0 0 0 0
0 0 0.771429 0 0 0 0 0 0 0 0
0 0 0.474359 0 0 0 0 0 0 0 0
0 0 0.538462 0 0 0 0 0 0 0 0
0 0 0.539033 0 0 0 0 0 0 0 0
0 0 0.310593 0 0 0 0 0 0 0 0
0 0 0.267409 0 0 0 0 0 0 0 0
0 0 0.409379 0 0 0 0 0 0 0 0
0 0 0.243648 0 0 0 0 0 0 0 0
0 0 0.33807 0 0 0 0 0 0 0 0
0 0 0.515118 0 0 0 0 0 0 0 0
0 0 0.421702 0 0 0 0 0 0 0 0
0 0 0.716129 0 0 0 0 0 0 0 0
0 0 0.771429 0 0 0 0 0 0 0 0
0 0 0.474359 0 0 0 0 0 0 0 0
0 0 0.421655 0 0 0 0 0 0 0 0
0 0 0.542274 0 0 0 0 0 0 0 0
0 0 0.82839 0 0 0 0 0 0 0 0
1 1 0.805845 0 0 0 0 8.57 6.08 0 0
1 1 0.620779 0 0 0 0 8.68 5.39 0 0
0 0 0.329164 0 0 0 0 0 0 0 0
0 0 0.455348 0 0 0 0 0 0 0 0
1 0 0.681592 0 0 0 0 8.42 5.46 100 0
1 0 0.617737 0 0 0 0 8.61 6.03 70.59 0
0 0 0.463104 0 0 0 0 0 0 0 0
1 0 0.599078 0 0 0 0 8.44 5.35 100 0
1 1 0.544041 0 0 0 0 8.78 5.93 100 0
1 1 0.534504 0 0 0 0 10.41 8.08 100 0
0 0 0.253049 0 0 0 0 0 0 0 0
0 0 0.82839 0 0 0 0 0 0 0 0
1 1 0.805845 0 0 0 0 8.58 6.09 0 0
1 1 0.620779 0 0 0 0 8.69 5.39 0 0
0 0 0.33087 0 0 0 0 0 0 0 0
0 0 0.44946 0 0 0 0 0 0 0 0
0 0 0.82839 0 0 0 0 0 0 0 0
1 1 0.805845 0 0 0 0 8.58 6.09 0 0
1 1 0.673111 0 0 0 0 16.54 12.5 54.55 0
0 0 0.534801 0 0 0 0 0 0 0 0
1 1 0.620779 0 0 0 0 8.69 5.39 0 0
0 0 0.347641 0 0 0 0 0 0 0 0
0 0 0.455348 0 0 0 0 0 0 0 0
1 1 0.665217 0 0 0 0 12.65 7.54 0 0
1 1 0.502627 0 0 0 0 12.51 7.72 0 0
1 1 0.820619 0 0 0 0 13.97 11.73 100 0
0 0 0.82839 0 0 0 0 0 0 0 0
1 1 0.805845 0 0 0 0 8.36 5.97 0 0
1 1 0.620779 0 0 0 0 8.47 5.29 0 0
0 0 0.33087 0 0 0 0 0 0 0 0
0 0 0.488714 0 0 0 0 0 0 0 0
0 0 0.438447 0 0 0 0 0 0 0 0
0 0 0.667742 0 0 0 0 0 0 0 0
0 0 0.555372 0 0 0 0 0 0 0 0
0 0 0.274138 0 0 0 0 0 0 0 0
0 0 0.542857 0 0 0 0 0 0 0 0
0 0 0.646688 0 0 0 0 0 0 0 0
0 0 0.442623 0 0 0 0 0 0 0 0
0 0 0.453552 0 0 0 0 0 0 0 0
0 0 0.36612 0 0 0 0 0 0 0 0
0 0 0.464481 0 0 0 0 0 0 0 0
0 0 0.377049 0 0 0 0 0 0 0 0
0 0 0.453552 0 0 0 0 0 0 0 0
0 0 0.344262 0 0 0 0 0 0 0 0
0 0 0.31694 0 0 0 0 0 0 0 0
0 0 0.36612 0 0 0 0 0 0 0 0
0 0 0.513661 0 0 0 0 0 0 0 0
0 0 0.347826 0 0 0 0 0 0 0 0
0 0 0.701219 0 0 0 0 0 0 0 0
0 0 0.707317 0 0 0 0 0 0 0 0
0 0 0.689024 0 0 0 0 0 0 0 0
0 0 0.536585 0 0 0 0 0 0 0 0
0 0 0.378855 0 0 0 0 0 0 0 0
0 0 0.759036 0 0 0 0 0 0 0 0
0 0 0.535294 0 0 0 0 0 0 0 0
0 0 0.354005 0 0 0 0 0 0 0 0
0 0 0.568862 0 0 0 0 0 0 0 0
0 0 0.38292 0 0 0 0 0 0 0 0
0 0 0.542857 0 0 0 0 0 0 0 0
1 0 0.55914 0 0 0 0 9.72 5.69 100 0
1 1 0.895683 0 0 0 0 9.29 5.09 0 0
1 1 0.927914 0 0 0 0 9.11 5.03 0 0
1 1 0.918216 0 0 0 0 9.4 5.09 50 0
1 0 0.556757 0 0 0 0 8.6 5.05 100 0
1 1 0.895683 0 0 0 0 8.22 4.52 0 0
1 1 0.839363 0 0 0 0 8.07 4.47 0 0
0 0 0.198907 0 0 0 0 0 0 0 0
0 0 0.759091 0 0 0 0 0 0 0 0
0 0 0.368662 0 0 0 0 0 0 0 0
0 0 0.547959 0 0 0 0 0 0 0 0
0 0 0.312788 0 0 0 0 0 0 0 0
0 0 0.240022 0 0 0 0 0 0 0 0
0 0 0.723618 0 0 0 0 0 0 0 0
0 0 0.565495 0 0 0 0 0 0 0 0
0 0 0.598291 0 0 0 0 0 0 0 0
0 0 0.290387 0 0 0 0 0 0 0 0
0 0 0.652672 0 0 0 0 0 0 0 0
0 0 0.73399 0 0 0 0 0 0 0 0
0 0 0.806604 0 0 0 0 0 0 0 0
0 0 0.407216 0 0 0 0 0 0 0 0
0 0 0.421789 0 0 0 0 0 0 0 0
0 0 0.678487 0 0 0 0 0 0 0 0
0 0 0.509753 0 0 0 0 0 0 0 0
0 0 0.723618 0 0 0 0 0 0 0 0
0 0 0.335878 0 0 0 0 0 0 0 0
0 0 0.104168 0 0 0 0 0 0 0 0
0 0 0.107365 0 0 0 0 0 0 0 0
0 0 0.158358 0 0 0 0 0 0 0 0
0 0 0.177562 0 0 0 0 0 0 0 0
0 0 0.381528 0 0 0 0 0 0 0 0
0 0 0.451306 0 0 0 0 0 0 0 0
0 0 0.323232 0 0 0 0 0 0 0 0
0 0 0.388077 0 0 0 0 0 0 0 0
0 0 0.298701 0 0 0 0 0 0 0 0
0 0 0.232402 0 0 0 0 0 0 0 0
0 0 0.179054 0 0 0 0 0 0 0 0
0 0 0.565495 0 0 0 0 0 0 0 0
0 0 0.598291 0 0 0 0 0 0 0 0
0 0 0.290387 0 0 0 0 0 0 0 0
0 0 0.652672 0 0 0 0 0 0 0 0
0 0 0.73399 0 0 0 0 0 0 0 0
0 0 0.806604 0 0 0 0 0 0 0 0
0 0 0.402062 0 0 0 0 0 0 0 0
0 0 0.401704 0 0 0 0 0 0 0 0
0 0 0.678487 0 0 0 0 0 0 0 0
0 0 0.509753 0 0 0 0 0 0 0 0
0 0 0.723618 0 0 0 0 0 0 0 0
0 0 0.565495 0 0 0 0 0 0 0 0
0 0 0.598291 0 0 0 0 0 0 0 0
0 0 0.290387 0 0 0 0 0 0 0 0
0 0 0.652672 0 0 0 0 0 0 0 0
0 0 0.73399 0 0 0 0 0 0 0 0
0 0 0.806604 0 0 0 0 0 0 0 0
0 0 0.418262 0 0 0 0 0 0 0 0
0 0 0.468655 0 0 0 0 0 0 0 0
0 0 0.678487 0 0 0 0 0 0 0 0
0 0 0.509753 0 0 0 0 0 0 0 0
0 0 0.723618 0 0 0 0 0 0 0 0
0 0 0.723618 0 0 0 0 0 0 0 0
0 0 0.723618 0 0 0 0 0 0 0 0
0 0 0.580952 0 0 0 0 0 0 0 0
0 0 0.7125 0 0 0 0 0 0 0 0
0 0 0.457143 0 0 0 0 0 0 0 0
1 1 0.860606 0 0 0 0 15.5 10.28 85.71 0
0 0 0.464789 0 0 0 0 0 0 0 0
0 0 0.629956 0 0 0 0 0 0 0 0
1 1 0.672035 0 0 0 0 24.06 16.97 0 0
1 0 0.5 0 0 0 0 16.21 11.66 76.47 0
1 1 0.753968 0 0 0 0 15.65 10.02 70 0
0 0 0.71564 0 0 0 0 0 0 0 0
0 0 0.501484 0 0 0 0 0 0 0 0
1 1 0.573944 0 0 0 0 12.6 8.01 100 0
1 1 0.513636 0 0 0 0 6.4 3.97 100 0
1 1 0.796992 0 0 0 0 5.84 3.27 100 0
0 0 0.288107 0 0 0 0 0 0 0 0
0 0 0.525794 0 0 0 0 0 0 0 0
0 0 0.505682 0 0 0 0 0 0 0 0
1 0 0.688525 0 0 0 0 5.78 3.31 100 0
1 0 0.666667 0 0 0 0 5.78 3.31 100 0
0 0 0.448276 0 0 0 0 0 0 0 0
0 0 0.348668 0 0 0 0 0 0 0 0
0 0 0.566372 0 0 0 0 0 0 0 0
1 1 0.8 0 0 0 0 6.52 3.98 100 0
1 1 0.81323 0 0 0 0 22.58 14.65 100 0
0 0 0.81323 0 0 0 0 0 0 0 0
0 0 0.359066 0 0 0 0 0 0 0 0
0 0 0.645299 0 0 0 0 0 0 0 0
0 0 0.550336 0 0 0 0 0 0 0 0
0 0 0.512367 0 0 0 0 0 0 0 0
0 0 0.838636 0 0 0 0 0 0 0 0
0 0 0.727749 0 0 0 0 0 0 0 0
0 0 0.50241 0 0 0 0 0 0 0 0
0 0 0.538375 0 0 0 0 0 0 0 0
0 0 0.583501 0 0 0 0 0 0 0 0
0 0 0.55 0 0 0 0 0 0 0 0
0 0 0.93511 0 0 0 0 0 0 0 0
0 0 0.735562 0 0 0 0 0 0 0 0
0 0 0.793249 0 0 0 0 0 0 0 0
0 0 0.683891 0 0 0 0 0 0 0 0
0 0 0.801527 0 0 0 0 0 0 0 0
0 0 0.953947 0 0 0 0 0 0 0 0
0 0 0.183908 0 0 0 0 0 0 0 0
0 0 0.686275 0 0 0 0 0 0 0 0
0 0 0.363636 0 0 0 0 0 0 0 0
0 0 0.506203 0 0 0 0 0 0 0 0
0 0 0.465265 0 0 0 0 0 0 0 0
0 0 0.149372 0 0 0 0 0 0 0 0
0 0 0.585504 0 0 0 0 0 0 0 0
0 0 0.865672 0 0 0 0 0 0 0 0
0 0 0.79096 0 0 0 0 0 0 0 0
0 0 0.41635 0 0 0 0 0 0 0 0
0 0 0.923077 0 0 0 0 0 0 0 0
0 0 0.887967 0 0 0 0 0 0 0 0
0 0 0.922342 0 0 0 0 0 0 0 0
0 0 0.906329 0 0 0 0 0 0 0 0
0 0 0.92562 0 0 0 0 0 0 0 0
0 0 0.673554 0 0 0 0 0 0 0 0
0 0 0.862069 0 0 0 0 0 0 0 0
0 0 0.865052 0 0 0 0 0 0 0 0
0 0 0.851765 0 0 0 0 0 0 0 0
0 0 0.768578 0 0 0 0 0 0 0 0
0 0 0.495146 0 0 0 0 0 0 0 0
0 0 0.20354 0 0 0 0 0 0 0 0
0 0 0.775 0 0 0 0 0 0 0 0
0 0 0.618477 0 0 0 0 0 0 0 0
0 0 0.754986 0 0 0 0 0 0 0 0
0 0 0.649454 0 0 0 0 0 0 0 0
0 0 0.641642 0 0 0 0 0 0 0 0
0 0 0.758929 0 0 0 0 0 0 0 0
0 0 0.633721 0 0 0 0 0 0 0 0
0 0 0.192685 0 0 0 0 0 0 0 0
0 0 0.699338 0 0 0 0 0 0 0 0
0 0 0.920354 0 0 0 0 0 0 0 0
0 0 0.405451 0 0 0 0 0 0 0 0
0 0 0.656643 0 0 0 0 0 0 0 0
0 0 0.40625 0 0 0 0 0 0 0 0
0 0 0.214909 0 0 0 0 0 0 0 0
0 0 0.640845 0 0 0 0 0 0 0 0
0 0 0.606557 0 0 0 0 0 0 0 0
0 0 0.531915 0 0 0 0 0 0 0 0
0 0 0.646526 0 0 0 0 0 0 0 0
0 0 0.711425 0 0 0 0 0 0 0 0
0 0 0.585504 0 0 0 0 0 0 0 0
0 0 0.865672 0 0 0 0 0 0 0 0
0 0 0.79096 0 0 0 0 0 0 0 0
0 0 0.41635 0 0 0 0 0 0 0 0
0 0 0.923077 0 0 0 0 0 0 0 0
0 0 0.887967 0 0 0 0 0 0 0 0
0 0 0.922342 0 0 0 0 0 0 0 0
0 0 0.906329 0 0 0 0 0 0 0 0
0 0 0.92562 0 0 0 0 0 0 0 0
0 0 0.673554 0 0 0 0 0 0 0 0
0 0 0.862069 0 0 0 0 0 0 0 0
0 0 0.865052 0 0 0 0 0 0 0 0
0 0 0.851765 0 0 0 0 0 0 0 0
0 0 0.768578 0 0 0 0 0 0 0 0
0 0 0.495146 0 0 0 0 0 0 0 0
0 0 0.20354 0 0 0 0 0 0 0 0
0 0 0.775 0 0 0 0 0 0 0 0
0 0 0.618477 0 0 0 0 0 0 0 0
0 0 0.754986 0 0 0 0 0 0 0 0
0 0 0.649454 0 0 0 0 0 0 0 0
0 0 0.641642 0 0 0 0 0 0 0 0
0 0 0.758929 0 0 0 0 0 0 0 0
0 0 0.633721 0 0 0 0 0 0 0 0
0 0 0.195904 0 0 0 0 0 0 0 0
0 0 0.699338 0 0 0 0 0 0 0 0
0 0 0.920354 0 0 0 0 0 0 0 0
0 0 0.405451 0 0 0 0 0 0 0 0
0 0 0.633515 0 0 0 0 0 0 0 0
0 0 0.40625 0 0 0 0 0 0 0 0
0 0 0.214909 0 0 0 0 0 0 0 0
0 0 0.640845 0 0 0 0 0 0 0 0
0 0 0.606557 0 0 0 0 0 0 0 0
0 0 0.531915 0 0 0 0 0 0 0 0
0 0 0.646526 0 0 0 0 0 0 0 0
0 0 0.711425 0 0 0 0 0 0 0 0
0 0 0.651163 0 0 0 0 0 0 0 0
0 0 0.045239 0 0 0 0 0 0 0 0
0 0 0.809816 0 0 0 0 0 0 0 0
0 0 0.102196 0 0 0 0 0 0 0 0
0 0 0.0989185 0 0 0 0 0 0 0 0
0 0 0.0973626 0 0 0 0 0 0 0 0
0 0 0.62975 0 0 0 0 0 0 0 0
0 0 0.779783 0 0 0 0 0 0 0 0
0 0 0.652747 0 0 0 0 0 0 0 0
0 0 0.800789 0 0 0 0 0 0 0 0
0 0 0.656587 0 0 0 0 0 0 0 0
0 0 0.722359 0 0 0 0 0 0 0 0
0 0 0.597315 0 0 0 0 0 0 0 0
0 0 0.686275 0 0 0 0 0 0 0 0
0 0 0.0719178 0 0 0 0 0 0 0 0
0 0 0.545685 0 0 0 0 0 0 0 0
0 0 0.585504 0 0 0 0 0 0 0 0
0 0 0.865672 0 0 0 0 0 0 0 0
0 0 0.79096 0 0 0 0 0 0 0 0
0 0 0.41635 0 0 0 0 0 0 0 0
0 0 0.923077 0 0 0 0 0 0 0 0
0 0 0.887967 0 0 0 0 0 0 0 0
0 0 0.922342 0 0 0 0 0 0 0 0
0 0 0.906329 0 0 0 0 0 0 0 0
0 0 0.92562 0 0 0 0 0 0 0 0
0 0 0.673554 0 0 0 0 0 0 0 0
0 0 0.689266 0 0 0 0 0 0 0 0
0 0 0.865052 0 0 0 0 0 0 0 0
0 0 0.851765 0 0 0 0 0 0 0 0
0 0 0.768578 0 0 0 0 0 0 0 0
0 0 0.495146 0 0 0 0 0 0 0 0
0 0 0.20354 0 0 0 0 0 0 0 0
0 0 0.775 0 0 0 0 0 0 0 0
0 0 0.618477 0 0 0 0 0 0 0 0
0 0 0.754986 0 0 0 0 0 0 0 0
0 0 0.649454 0 0 0 0 0 0 0 0
0 0 0.641642 0 0 0 0 0 0 0 0
0 0 0.758929 0 0 0 0 0 0 0 0
0 0 0.633721 0 0 0 0 0 0 0 0
0 0 0.192685 0 0 0 0 0 0 0 0
0 0 0.699338 0 0 0 0 0 0 0 0
0 0 0.920354 0 0 0 0 0 0 0 0
0 0 0.405451 0 0 0 0 0 0 0 0
0 0 0.68951 0 0 0 0 0 0 0 0
0 0 0.40625 0 0 0 0 0 0 0 0
0 0 0.214909 0 0 0 0 0 0 0 0
0 0 0.640845 0 0 0 0 0 0 0 0
0 0 0.606557 0 0 0 0 0 0 0 0
0 0 0.531915 0 0 0 0 0 0 0 0
0 0 0.646526 0 0 0 0 0 0 0 0
0 0 0.711425 0 0 0 0 0 0 0 0
0 0 0.585504 0 0 0 0 0 0 0 0
0 0 0.865672 0 0 0 0 0 0 0 0
0 0 0.79096 0 0 0 0 0 0 0 0
0 0 0.41635 0 0 0 0 0 0 0 0
0 0 0.923077 0 0 0 0 0 0 0 0
0 0 0.887967 0 0 0 0 0 0 0 0
0 0 0.922342 0 0 0 0 0 0 0 0
0 0 0.906329 0 0 0 0 0 0 0 0
0 0 0.92562 0 0 0 0 0 0 0 0
0 0 0.673554 0 0 0 0 0 0 0 0
0 0 0.689266 0 0 0 0 0 0 0 0
0 0 0.865052 0 0 0 0 0 0 0 0
0 0 0.851765 0 0 0 0 0 0 0 0
0 0 0.768578 0 0 0 0 0 0 0 0
0 0 0.495146 0 0 0 0 0 0 0 0
0 0 0.20354 0 0 0 0 0 0 0 0
0 0 0.775 0 0 0 0 0 0 0 0
0 0 0.618477 0 0 0 0 0 0 0 0
0 0 0.754986 0 0 0 0 0 0 0 0
0 0 0.649454 0 0 0 0 0 0 0 0
0 0 0.641642 0 0 0 0 0 0 0 0
0 0 0.758929 0 0 0 0 0 0 0 0
0 0 0.633721 0 0 0 0 0 0 0 0
0 0 0.188849 0 0 0 0 0 0 0 0
0 0 0.699338 0 0 0 0 0 0 0 0
0 0 0.920354 0 0 0 0 0 0 0 0
0 0 0.405451 0 0 0 0 0 0 0 0
0 0 0.657343 0 0 0 0 0 0 0 0
0 0 0.40625 0 0 0 0 0 0 0 0
0 0 0.214909 0 0 0 0 0 0 0 0
0 0 0.640845 0 0 0 0 0 0 0 0
0 0 0.606557 0 0 0 0 0 0 0 0
0 0 0.531915 0 0 0 0 0 0 0 0
0 0 0.646526 0 0 0 0 0 0 0 0
0 0 0.711425 0 0 0 0 0 0 0 0
0 0 0.645833 0 0 0 0 0 0 0 0
0 0 0.659942 0 0 0 0 0 0 0 0
0 0 0.721591 0 0 0 0 0 0 0 0
0 0 0.778481 0 0 0 0 0 0 0 0
0 0 0.652632 0 0 0 0 0 0 0 0
0 0 0.816425 0 0 0 0 0 0 0 0
0 0 0.188025 0 0 0 0 0 0 0 0
0 0 0.629213 0 0 0 0 0 0 0 0
0 0 0.684211 0 0 0 0 0 0 0 0
0 0 0.77907 0 0 0 0 0 0 0 0
0 0 0.447192 0 0 0 0 0 0 0 0
0 0 0.435852 0 0 0 0 0 0 0 0
0 0 0.722222 0 0 0 0 0 0 0 0
0 0 0.980392 0 0 0 0 0 0 0 0
0 0 0.585504 0 0 0 0 0 0 0 0
0 0 0.865672 0 0 0 0 0 0 0 0
0 0 0.79096 0 0 0 0 0 0 0 0
0 0 0.41635 0 0 0 0 0 0 0 0
0 0 0.923077 0 0 0 0 0 0 0 0
0 0 0.887967 0 0 0 0 0 0 0 0
0 0 0.922342 0 0 0 0 0 0 0 0
0 0 0.906329 0 0 0 0 0 0 0 0
0 0 0.92562 0 0 0 0 0 0 0 0
0 0 0.673554 0 0 0 0 0 0 0 0
0 0 0.862069 0 0 0 0 0 0 0 0
0 0 0.865052 0 0 0 0 0 0 0 0
0 0 0.851765 0 0 0 0 0 0 0 0
0 0 0.768578 0 0 0 0 0 0 0 0
0 0 0.495146 0 0 0 0 0 0 0 0
0 0 0.20354 0 0 0 0 0 0 0 0
0 0 0.775 0 0 0 0 0 0 0 0
0 0 0.618477 0 0 0 0 0 0 0 0
0 0 0.754986 0 0 0 0 0 0 0 0
0 0 0.649454 0 0 0 0 0 0 0 0
0 0 0.641642 0 0 0 0 0 0 0 0
0 0 0.758929 0 0 0 0 0 0 0 0
0 0 0.633721 0 0 0 0 0 0 0 0
0 0 0.195904 0 0 0 0 0 0 0 0
0 0 0.699338 0 0 0 0 0 0 0 0
0 0 0.920354 0 0 0 0 0 0 0 0
0 0 0.430579 0 0 0 0 0 0 0 0
0 0 0.69021 0 0 0 0 0 0 0 0
0 0 0.40625 0 0 0 0 0 0 0 0
0 0 0.214909 0 0 0 0 0 0 0 0
0 0 0.640845 0 0 0 0 0 0 0 0
0 0 0.606557 0 0 0 0 0 0 0 0
0 0 0.531915 0 0 0 0 0 0 0 0
0 0 0.646526 0 0 0 0 0 0 0 0
0 0 0.711425 0 0 0 0 0 0 0 0
1 1 0.705607 0 0 0 0 10.21 5.37 50 0
1 0 0.710145 0 0 0 0 9.91 5.63 66.67 0
1 1 0.642384 0 0 0 0 10.18 5.4 100 0
1 0 0.52027 0 0 0 0 0 0 0 0
1 0 0.628099 0 0 0 0 0 0 0 0
0 0 0.73913 0 0 0 0 0 0 0 0
0 0 0.721311 0 0 0 0 0 0 0 0
1 0 0.768595 0 0 0 0 0 0 0 0
1 0 0.865497 0 0 0 0 0 0 0 0
1 0 0.841667 0 0 0 0 0 0 0 0
1 0 0.52027 0 0 0 0 0 0 0 0
1 0 0.628099 0 0 0 0 0 0 0 0
0 0 0.73913 0 0 0 0 0 0 0 0
0 0 0.721311 0 0 0 0 0 0 0 0
1 0 0.768595 0 0 0 0 0 0 0 0
1 0 0.865497 0 0 0 0 0 0 0 0
1 0 0.841667 0 0 0 0 0 0 0 0
1 0 0.52027 0 0 0 0 0 0 0 0
1 0 0.628099 0 0 0 0 0 0 0 0
0 0 0.73913 0 0 0 0 0 0 0 0
0 0 0.721311 0 0 0 0 0 0 0 0
1 0 0.768595 0 0 0 0 0 0 0 0
1 0 0.865497 0 0 0 0 0 0 0 0
1 0 0.841667 0 0 0 0 0 0 0 0
1 1 0.244444 0 0 0 0 14.09 8.68 100 0
1 1 0.75 0 0 0 0 14.71 9.44 100 0
0 0 0.171975 0 0 0 0 0 0 0 0
1 1 0.84375 0 0 0 0 14.58 9.44 100 0
1 1 0.804196 0 0 0 0 12.64 8.21 90.91 0
0 0 0.638728 0 0 0 0 0 0 0 0
1 0 0.568047 0 0 0 0 0 0 0 0
1 0 0.600791 0 0 0 0 0 0 0 0
1 0 0.744828 0 0 0 0 0 0 0 0
1 1 0.468085 0 0 0 0 14.03 8.61 0 0
1 1 0.611111 0 0 0 0 7.1 3.83 100 0
0 0 0.188718 0 0 0 0 0 0 0 0
1 1 0.466667 0 0 0 0 14.72 9.37 40 0
1 1 0.821978 0 0 0 0 7.13 3.72 33.33 0
0 0 0.226244 0 0 0 0 0 0 0 0
1 1 0.748252 0 0 0 0 9.71 5.6 100 0
0 0 0.653753 0 0 0 0 0 0 0 0
0 0 0.281729 0 0 0 0 0 0 0 0
0 0 0.507909 0 0 0 0 0 0 0 0
0 0 0.496164 0 0 0 0 0 0 0 0
0 0 0.309295 0 0 0 0 0 0 0 0
0 0 0.605042 0 0 0 0 0 0 0 0
1 0 0.685857 0 0 0 0 0 0 0 0
1 1 0.698795 0 0 0 0 14.62 9.42 100 0
1 0 0.385965 0 0 0 0 14.56 8.87 100 0
1 0 0.813131 0 0 0 0 15.14 12 100 0
1 1 0.679825 0 0 0 0 14.16 8.66 0 0
1 1 0.884058 0 0 0 0 16.65 11.06 0 0
1 1 0.535971 0 0 0 0 11.64 7.01 0 0
1 1 0.614286 0 0 0 0 10.57 6.35 100 0
1 1 0.657831 0 0 0 0 6.65 4.71 100 0
1 1 0.483516 0 0 0 0 6.23 4.71 100 0
1 1 0.509843 0 0 0 0 6.16 4.39 80 0
1 1 0.316777 0 0 0 0 5.88 4.16 0 0
0 0 0.558598 0 0 0 0 0 0 0 0
1 1 0.543307 0 0 0 0 6.46 4.57 0 0
1 1 0.602606 0 0 0 0 7.07 5.61 0 0
0 0 0.576779 0 0 0 0 0 0 0 0
1 1 0.601604 0 0 0 0 7.48 5.87 0 0
0 0 0.572755 0 0 0 0 0 0 0 0
1 1 0.822581 0 0 0 0 6.21 4.53 100 0
1 1 0.507463 0 0 0 0 6.51 4.87 100 0
1 1 0.512141 0 0 0 0 6.13 4.44 100 0
1 1 0.602899 0 0 0 0 6.76 5.52 53.85 0
1 1 0.383529 0 0 0 0 6.13 4.44 100 0
1 1 0.571664 0 0 0 0 7.04 6.04 87.5 0
1 1 0.733333 0 0 0 0 7.36 5.91 85.71 0
1 1 0.525 0 0 0 0 7 4.98 80 0
1 1 0.690037 0 0 0 0 13.57 10.28 75 0
0 0 0.43035 0 0 0 0 0 0 0 0
1 1 0.767327 0 0 0 0 25.4 18.11 80 0
1 1 0.802885 0 0 0 0 25.96 18.72 80 0
1 1 0.509615 0 0 0 0 9.39 5.59 100 0
1 1 0.648562 0 0 0 0 16.5 10.64 87.5 0
0 0 0.945455 0 0 0 0 0 0 0 0
0 0 0.872928 0 0 0 0 0 0 0 0
0 0 0.428571 0 0 0 0 0 0 0 0
0 0 0.991228 0 0 0 0 0 0 0 0
0 0 0.777778 0 0 0 0 0 0 0 0
0 0 0.738461 0 0 0 0 0 0 0 0
0 0 0.874214 0 0 0 0 0 0 0 0
0 0 0.769231 0 0 0 0 0 0 0 0
0 0 0.730469 0 0 0 0 0 0 0 0
0 0 0.824 0 0 0 0 0 0 0 0
0 0 0.744417 0 0 0 0 0 0 0 0
0 0 0.478982 0 0 0 0 0 0 0 0
0 0 0.237489 0 0 0 0 0 0 0 0
0 0 0.106863 0 0 0 0 0 0 0 0
0 0 0.147144 0 0 0 0 0 0 0 0
0 0 0.0864078 0 0 0 0 0 0 0 0
0 0 0.281015 0 0 0 0 0 0 0 0
0 0 0.165868 0 0 0 0 0 0 0 0
0 0 0.531213 0 0 0 0 0 0 0 0
0 0 0.531866 0 0 0 0 0 0 0 0
0 0 0.51484 0 0 0 0 0 0 0 0
0 0 0.784247 0 0 0 0 0 0 0 0
0 0 0.325 0 0 0 0 0 0 0 0
0 0 0.883333 0 0 0 0 0 0 0 0
0 0 0.701563 0 0 0 0 0 0 0 0
0 0 0.592286 0 0 0 0 0 0 0 0
0 0 0.814286 0 0 0 0 0 0 0 0
0 0 0.945455 0 0 0 0 0 0 0 0
0 0 0.872928 0 0 0 0 0 0 0 0
0 0 0.428571 0 0 0 0 0 0 0 0
0 0 0.991228 0 0 0 0 0 0 0 0
0 0 0.777778 0 0 0 0 0 0 0 0
0 0 0.738461 0 0 0 0 0 0 0 0
0 0 0.874214 0 0 0 0 0 0 0 0
0 0 0.769231 0 0 0 0 0 0 0 0
0 0 0.730469 0 0 0 0 0 0 0 0
0 0 0.824 0 0 0 0 0 0 0 0
0 0 0.744417 0 0 0 0 0 0 0 0
0 0 0.325 0 0 0 0 0 0 0 0
0 0 0.945455 0 0 0 0 0 0 0 0
0 0 0.872928 0 0 0 0 0 0 0 0
0 0 0.428571 0 0 0 0 0 0 0 0
0 0 0.991228 0 0 0 0 0 0 0 0
0 0 0.777778 0 0 0 0 0 0 0 0
0 0 0.738461 0 0 0 0 0 0 0 0
0 0 0.874214 0 0 0 0 0 0 0 0
0 0 0.769231 0 0 0 0 0 0 0 0
0 0 0.730469 0 0 0 0 0 0 0 0
0 0 0.824 0 0 0 0 0 0 0 0
0 0 0.744417 0 0 0 0 0 0 0 0
0 0 0.325 0 0 0 0 0 0 0 0
0 0 0.945455 0 0 0 0 0 0 0 0
0 0 0.872928 0 0 0 0 0 0 0 0
0 0 0.428571 0 0 0 0 0 0 0 0
0 0 0.991228 0 0 0 0 0 0 0 0
0 0 0.777778 0 0 0 0 0 0 0 0
0 0 0.738461 0 0 0 0 0 0 0 0
0 0 0.874214 0 0 0 0 0 0 0 0
0 0 0.769231 0 0 0 0 0 0 0 0
0 0 0.730469 0 0 0 0 0 0 0 0
0 0 0.824 0 0 0 0 0 0 0 0
0 0 0.744417 0 0 0 0 0 0 0 0
0 0 0.419386 0 0 0 0 0 0 0 0
0 0 0.667055 0 0 0 0 0 0 0 0
0 0 0.725898 0 0 0 0 0 0 0 0
0 0 0.531811 0 0 0 0 0 0 0 0
0 0 0.652047 0 0 0 0 0 0 0 0
0 0 0.621918 0 0 0 0 0 0 0 0
0 0 0.613692 0 0 0 0 0 0 0 0
0 0 0.682927 0 0 0 0 0 0 0 0
0 0 0.729779 0 0 0 0 0 0 0 0
0 0 0.632353 0 0 0 0 0 0 0 0
0 0 0.325 0 0 0 0 0 0 0 0
0 0 0.945455 0 0 0 0 0 0 0 0
0 0 0.872928 0 0 0 0 0 0 0 0
0 0 0.428571 0 0 0 0 0 0 0 0
0 0 0.991228 0 0 0 0 0 0 0 0
0 0 0.777778 0 0 0 0 0 0 0 0
0 0 0.738461 0 0 0 0 0 0 0 0
0 0 0.874214 0 0 0 0 0 0 0 0
0 0 0.769231 0 0 0 0 0 0 0 0
0 0 0.730469 0 0 0 0 0 0 0 0
0 0 0.824 0 0 0 0 0 0 0 0
0 0 0.744417 0 0 0 0 0 0 0 0
0 0 0.325 0 0 0 0 0 0 0 0
1 1 0.507763 0 0 0 0 12 7.28 51.43 0
1 0 0.32126 0 0 0 0 9.72 5.4 53.33 0
0 0 0.660494 0 0 0 0 0 0 0 0
1 1 0.808057 0 0 0 0 13.8 8.95 100 0
1 1 0.849057 0 0 0 0 14.34 9.22 100 0
1 1 0.921053 0 0 0 0 14.32 9.22 100 0
1 1 0.825 0 0 0 0 14.32 9.22 100 0
1 1 0.945455 0 0 0 0 14.94 9.91 100 0
0 0 0.230392 0 0 0 0 0 0 0 0
1 1 0.782609 0 0 0 0 15.11 9.83 100 0
1 1 0.232737 0 0 0 0 15.09 10.09 100 0
1 1 0.68932 0 0 0 0 15.06 9.83 100 0
1 1 0.630872 0 0 0 0 14.31 8.87 85.71 0
1 1 0.669811 0 0 0 0 14.92 9.72 100 0
1 0 0.583333 0 0 0 0 14.76 9.35 88.89 0
1 1 0.642066 0 0 0 0 16.14 10.98 100 0
0 0 0.142402 0 0 0 0 0 0 0 0
1 1 0.710938 0 0 0 0 14.98 9.81 100 0
1 1 0.570909 0 0 0 0 14.75 9.55 60 0
1 1 0.77931 0 0 0 0 14.53 9.66 100 0
1 1 0.637363 0 0 0 0 15.26 10.07 100 0
1 1 0.761702 0 0 0 0 4.3 2.24 100 0
1 0 0.560976 0 0 0 0 4.38 2.28 100 0
0 0 0.49635 0 0 0 0 0 0 0 0
0 0 0.85654 0 0 0 0 0 0 0 0
0 0 0.312903 0 0 0 0 0 0 0 0
0 0 0.318328 0 0 0 0 0 0 0 0
0 0 0.275862 0 0 0 0 0 0 0 0
0 0 0.85654 0 0 0 0 0 0 0 0
0 0 0.312903 0 0 0 0 0 0 0 0
0 0 0.318328 0 0 0 0 0 0 0 0
0 0 0.275862 0 0 0 0 0 0 0 0
0 0 0.85654 0 0 0 0 0 0 0 0
0 0 0.312903 0 0 0 0 0 0 0 0
0 0 0.318328 0 0 0 0 0 0 0 0
0 0 0.275862 0 0 0 0 0 0 0 0
1 1 0.616848 0 0 0 0 14.27 8.68 0 0
1 1 0.731629 0 0 0 0 14.28 8.69 0 0
1 0 0.47243 0 0 0 0 14.17 8.75 16.67 0
0 0 0.501718 0 0 0 0 0 0 0 0
1 0 0.9875 0 0 0 0 13.98 8.7 100 0
0 0 0.685512 0 0 0 0 0 0 0 0
0 0 0.816216 0 0 0 0 0 0 0 0
1 1 0.795539 0 0 0 0 12.78 7.98 0 0
1 1 0.698676 0 0 0 0 12.37 7.91 60 0
1 1 0.702614 0 0 0 0 12.37 7.91 60 0
1 1 0.756962 0 0 0 0 22.76 16.43 58.33 0
1 1 0.69509 0 0 0 0 22.76 16.43 58.33 0
1 1 0.685057 0 0 0 0 22.8 16.43 50 0
1 1 0.733524 0 0 0 0 22.79 16.45 70 0
1 1 0.722628 0 0 0 0 22.69 16.45 100 0
0 0 0.75 0 0 0 0 0 0 0 0
0 0 0.966667 0 0 0 0 0 0 0 0
0 0 0.573712 0 0 0 0 0 0 0 0
0 0 0.415584 0 0 0 0 0 0 0 0
0 0 0.427083 0 0 0 0 0 0 0 0
0 0 0.63 0 0 0 0 0 0 0 0
0 0 0.677966 0 0 0 0 0 0 0 0
0 0 0.624731 0 0 0 0 0 0 0 0
0 0 0.334426 0 0 0 0 0 0 0 0
1 1 0.582951 0 0 0 0 16.02 10.51 31.43 0
0 0 0.604651 0 0 0 0 0 0 0 0
0 0 0.754098 0 0 0 0 0 0 0 0
0 0 0.0330579 0 0 0 0 0 0 0 0
0 0 0.745763 0 0 0 0 0 0 0 0
0 0 0.901961 0 0 0 0 0 0 0 0
0 0 0.893617 0 0 0 0 0 0 0 0
0 0 0.709302 0 0 0 0 0 0 0 0
0 0 0.641104 0 0 0 0 0 0 0 0
0 0 0.52027 0 0 0 0 0 0 0 0
0 0 0.628099 0 0 0 0 0 0 0 0
0 0 0.73913 0 0 0 0 0 0 0 0
0 0 0.721311 0 0 0 0 0 0 0 0
0 0 0.768595 0 0 0 0 0 0 0 0
0 0 0.865497 0 0 0 0 0 0 0 0
0 0 0.841667 0 0 0 0 0 0 0 0
0 0 0.52027 0 0 0 0 0 0 0 0
0 0 0.628099 0 0 0 0 0 0 0 0
0 0 0.73913 0 0 0 0 0 0 0 0
0 0 0.721311 0 0 0 0 0 0 0 0
0 0 0.768595 0 0 0 0 0 0 0 0
0 0 0.865497 0 0 0 0 0 0 0 0
0 0 0.841667 0 0 0 0 0 0 0 0
1 1 0.365517 0 0 0 0 14.99 9.87 83.33 0
1 1 0.348 0 0 0 0 14.98 9.91 83.33 0
1 1 0.482014 0 0 0 0 13.91 8.78 100 0
1 0 0.55914 0 0 0 0 9.72 5.69 100 0
1 1 0.895683 0 0 0 0 9.29 5.09 0 0
1 1 0.927914 0 0 0 0 9.11 5.03 0 0
1 1 0.918216 0 0 0 0 9.42 5.09 50 0
1 0 0.556757 0 0 0 0 8.6 5.05 100 0
1 1 0.895683 0 0 0 0 8.22 4.52 0 0
1 1 0.839363 0 0 0 0 8.07 4.47 0 0
1 1 0.918216 0 0 0 0 8.34 4.52 50 0
0 0 0.661538 0 0 0 0 0 0 0 0
0 0 0.407884 0 0 0 0 0 0 0 0
0 0 0.506818 0 0 0 0 0 0 0 0
0 0 0.342593 0 0 0 0 0 0 0 0
0 0 0.352381 0 0 0 0 0 0 0 0
0 0 0.611533 0 0 0 0 0 0 0 0
0 0 0.53258 0 0 0 0 0 0 0 0
0 0 0.367347 0 0 0 0 0 0 0 0
0 0 0.326389 0 0 0 0 0 0 0 0
0 0 0.299633 0 0 0 0 0 0 0 0
0 0 0.527304 0 0 0 0 0 0 0 0
0 0 0.611296 0 0 0 0 0 0 0 0
0 0 0.5 0 0 0 0 0 0 0 0
0 0 0.527434 0 0 0 0 0 0 0 0
0 0 0.441296 0 0 0 0 0 0 0 0
1 1 0.435897 0 0 0 0 15.33 9.81 100 0
1 1 0.569038 0 0 0 0 14.4 8.36 76.19 0
1 0 0.686309 0 0 0 0 18.21 14.14 80 0
0 0 0.370588 0 0 0 0 0 0 0 0
0 0 0.195709 0 0 0 0 0 0 0 0
1 1 0.833333 0 0 0 0 21.64 15.94 45.45 0
0 0 0.886792 0 0 0 0 0 0 0 0
0 0 0.921569 0 0 0 0 0 0 0 0
0 0 0.804805 0 0 0 0 0 0 0 0
0 0 0.995283 0 0 0 0 0 0 0 0
0 0 0.54359 0 0 0 0 0 0 0 0
0 0 0.729167 0 0 0 0 0 0 0 0
0 0 0.303279 0 0 0 0 0 0 0 0
0 0 0.751412 0 0 0 0 0 0 0 0
0 0 0.484185 0 0 0 0 0 0 0 0
0 0 0.292398 0 0 0 0 0 0 0 0
0 0 0.295673 0 0 0 0 0 0 0 0
0 0 0.687805 0 0 0 0 0 0 0 0
0 0 0.456456 0 0 0 0 0 0 0 0
0 0 0.497076 0 0 0 0 0 0 0 0
0 0 0.704918 0 0 0 0 0 0 0 0
0 0 0.156649 0 0 0 0 0 0 0 0
0 0 0.269979 0 0 0 0 0 0 0 0
0 0 0.715847 0 0 0 0 0 0 0 0
0 0 0.818182 0 0 0 0 0 0 0 0
0 0 0.677241 0 0 0 0 0 0 0 0
0 0 0.941558 0 0 0 0 0 0 0 0
0 0 0.507962 0 0 0 0 0 0 0 0
0 0 0.656604 0 0 0 0 0 0 0 0
0 0 0.744898 0 0 0 0 0 0 0 0
0 0 0.630225 0 0 0 0 0 0 0 0
0 0 0.585938 0 0 0 0 0 0 0 0
0 0 0.833333 0 0 0 0 0 0 0 0
0 0 0.424779 0 0 0 0 0 0 0 0
0 0 0.50463 0 0 0 0 0 0 0 0
0 0 0.173798 0 0 0 0 0 0 0 0
0 0 0.246067 0 0 0 0 0 0 0 0
0 0 0.429012 0 0 0 0 0 0 0 0
0 0 0.231385 0 0 0 0 0 0 0 0
0 0 0.685259 0 0 0 0 0 0 0 0
0 0 0.979167 0 0 0 0 0 0 0 0
0 0 0.25 0 0 0 0 0 0 0 0
0 0 0.983333 0 0 0 0 0 0 0 0
0 0 0.858628 0 0 0 0 0 0 0 0
0 0 0.586957 0 0 0 0 0 0 0 0
0 0 0.432584 0 0 0 0 0 0 0 0
0 0 0.763889 0 0 0 0 0 0 0 0
0 0 0.165775 0 0 0 0 0 0 0 0
0 0 0.986301 0 0 0 0 0 0 0 0
0 0 0.646953 0 0 0 0 0 0 0 0
0 0 0.612903 0 0 0 0 0 0 0 0
0 0 0.805714 0 0 0 0 0 0 0 0
0 0 0.962185 0 0 0 0 0 0 0 0
0 0 0.8527 0 0 0 0 0 0 0 0
0 0 0.451965 0 0 0 0 0 0 0 0
0 0 0.739244 0 0 0 0 0 0 0 0
0 0 0.99187 0 0 0 0 0 0 0 0
0 0 0.824638 0 0 0 0 0 0 0 0
0 0 0.370333 0 0 0 0 0 0 0 0
0 0 0.837456 0 0 0 0 0 0 0 0
0 0 0.655431 0 0 0 0 0 0 0 0
0 0 0.814672 0 0 0 0 0 0 0 0
0 0 0.56051 0 0 0 0 0 0 0 0
0 0 0.268595 0 0 0 0 0 0 0 0
0 0 0.631818 0 0 0 0 0 0 0 0
0 0 0.393427 0 0 0 0 0 0 0 0
0 0 0.553792 0 0 0 0 0 0 0 0
0 0 0.638393 0 0 0 0 0 0 0 0
0 0 0.56051 0 0 0 0 0 0 0 0
0 0 0.268595 0 0 0 0 0 0 0 0
0 0 0.631818 0 0 0 0 0 0 0 0
0 0 0.393427 0 0 0 0 0 0 0 0
0 0 0.553792 0 0 0 0 0 0 0 0
0 0 0.638393 0 0 0 0 0 0 0 0
0 0 0.290313 0 0 0 0 0 0 0 0
0 0 0.56051 0 0 0 0 0 0 0 0
0 0 0.268595 0 0 0 0 0 0 0 0
1 1 0.631818 0 0 0 0 6.99 4.53 83.33 0
1 1 0.393427 0 0 0 0 8.09 6.22 72.22 0
1 1 0.553792 0 0 0 0 7.18 4.63 40.91 0
1 1 0.638393 0 0 0 0 10.24 6.53 83.33 0
0 0 0.239002 0 0 0 0 0 0 0 0
1 1 0.684932 0 0 0 0 11.97 7.52 33.33 0
1 1 0.477551 0 0 0 0 20.62 14.14 64.71 0
1 1 0.96131 0 0 0 0 9.96 5.68 100 0
0 0 0.528736 0 0 0 0 0 0 0 0
0 0 0.510373 0 0 0 0 0 0 0 0
0 0 0.5904 0 0 0 0 0 0 0 0
1 0 0.658031 0 0 0 0 15.06 9.96 100 0
1 1 0.900763 0 0 0 0 15.22 9.91 100 0
0 0 0.111888 0 0 0 0 0 0 0 0
1 1 0.583333 0 0 0 0 15.88 10.81 100 0
1 0 0.657895 0 0 0 0 14.83 9.38 100 0
1 1 0.705281 0 0 0 0 15.31 9.47 100 0
0 0 0.12516 0 0 0 0 0 0 0 0
1 1 0.492537 0 0 0 0 15.08 10.15 100 0
1 1 0.575732 0 0 0 0 14.26 8.86 40 0
1 0 0.517647 0 0 0 0 14.67 9.04 45 0
1 1 0.480836 0 0 0 0 15.07 9.41 100 0
0 0 0.406551 0 0 0 0 0 0 0 0
1 1 0.223108 0 0 0 0 14.39 10 0 0
0 0 0.299178 0 0 0 0 0 0 0 0
0 0 0.524237 0 0 0 0 0 0 0 0
1 1 0.787557 0 0 0 0 14.08 8.9 0 0
0 0 0.399592 0 0 0 0 0 0 0 0
0 0 0.668354 0 0 0 0 0 0 0 0
1 1 0.654494 0 0 0 0 4.9 2.81 50 0
0 0 0.584071 0 0 0 0 0 0 0 0
0 0 0.496905 0 0 0 0 0 0 0 0
0 0 0.442194 0 0 0 0 0 0 0 0
0 0 0.830882 0 0 0 0 0 0 0 0
0 0 0.489655 0 0 0 0 0 0 0 0
1 0 0.439909 0 0 0 0 4.74 2.6 0 0
1 1 0.629956 0 0 0 0 5 2.81 40 0
1 1 0.718447 0 0 0 0 5 2.87 100 0
0 0 0.422619 0 0 0 0 0 0 0 0
0 0 0.398739 0 0 0 0 0 0 0 0
0 0 0.590406 0 0 0 0 0 0 0 0
1 1 0.486842 0 0 0 0 4.88 2.82 100 0
0 0 0.568465 0 0 0 0 0 0 0 0
1 1 0.76699 0 0 0 0 10.93 6.92 0 0
1 1 0.772152 0 0 0 0 20.91 15.19 19.23 0
1 1 0.76699 0 0 0 0 10.93 6.92 0 0
1 1 0.772152 0 0 0 0 20.91 15.19 19.23 0
0 0 0.565611 0 0 0 0 0 0 0 0
1 1 0.518033 0 0 0 0 8.32 5.02 100 0
1 1 0.639842 0 0 0 0 12.95 9.17 100 0
0 0 0.169811 0 0 0 0 0 0 0 0
0 0 0.641509 0 0 0 0 0 0 0 0
0 0 0.477876 0 0 0 0 0 0 0 0
1 1 0.685185 0 0 0 0 8.24 5.07 100 0
1 0 0.52027 0 0 0 0 8.41 5.19 100 0
1 1 0.301587 0 0 0 0 16.53 11.92 97.87 0
0 0 0.10274 0 0 0 0 0 0 0 0
0 0 0.639216 0 0 0 0 0 0 0 0
1 1 0.333725 0 0 0 0 8.17 4.88 22.22 0
1 1 0.118748 0 0 0 0 7.7 4.41 0 0
1 1 0.797814 0 0 0 0 15.84 11.51 27.27 0
0 0 0.2 0 0 0 0 0 0 0 0
0 0 0.146131 0 0 0 0 0 0 0 0
0 0 0.374269 0 0 0 0 0 0 0 0
0 0 0.435644 0 0 0 0 0 0 0 0
0 0 0.363636 0 0 0 0 0 0 0 0
1 1 0.867133 0 0 0 0 10.63 5.92 81.82 0
1 1 0.855556 0 0 0 0 12.78 8.99 66.67 0
1 1 0.592068 0 0 0 0 10.35 5.81 40 0
1 1 0.6875 0 0 0 0 9.63 5.54 0 0
1 0 0.907407 0 0 0 0 9.73 5.33 100 0
1 1 0.581967 0 0 0 0 9.8 5.88 100 0
1 1 0.739726 0 0 0 0 9.85 5.89 100 0
0 0 0.461538 0 0 0 0 0 0 0 0
0 0 0.817204 0 0 0 0 0 0 0 0
0 0 0.691194 0 0 0 0 0 0 0 0
0 0 0.73464 0 0 0 0 0 0 0 0
0 0 0.71134 0 0 0 0 0 0 0 0
0 0 0.582734 0 0 0 0 0 0 0 0
0 0 0.555076 0 0 0 0 0 0 0 0
0 0 0.618466 0 0 0 0 0 0 0 0
0 0 0.508353 0 0 0 0 0 0 0 0
0 0 0.624434 0 0 0 0 0 0 0 0
0 0 0.755435 0 0 0 0 0 0 0 0
0 0 0.51432 0 0 0 0 0 0 0 0
0 0 0.273163 0 0 0 0 0 0 0 0
0 0 0.98 0 0 0 0 0 0 0 0
0 0 0.483871 0 0 0 0 0 0 0 0
0 0 0.42437 0 0 0 0 0 0 0 0
0 0 0.72549 0 0 0 0 0 0 0 0
0 0 0.445122 0 0 0 0 0 0 0 0
0 0 0.615196 0 0 0 0 0 0 0 0
0 0 0.0209247 0 0 0 0 0 0 0 0
0 0 0.343949 0 0 0 0 0 0 0 0
0 0 0.430864 0 0 0 0 0 0 0 0
0 0 0.814458 0 0 0 0 0 0 0 0
0 0 0.503326 0 0 0 0 0 0 0 0
0 0 0.177264 0 0 0 0 0 0 0 0
0 0 0.13073 0 0 0 0 0 0 0 0
0 0 0.794118 0 0 0 0 0 0 0 0
1 1 0.84543 0 0 0 0 20.36 13.79 25 0
1 1 0.56351 0 0 0 0 9.74 5.86 30.77 0
1 1 0.728814 0 0 0 0 9.74 5.86 23.53 0
1 1 0.872928 0 0 0 0 9.72 5.8 50 0
0 0 0.951613 0 0 0 0 0 0 0 0
1 1 0.967742 0 0 0 0 14.65 9.47 100 0
1 1 0.803571 0 0 0 0 17.96 12.12 100 0
1 0 0.297872 0 0 0 0 14.36 8.82 100 0
1 1 0.967742 0 0 0 0 14.65 9.47 100 0
1 1 0.803571 0 0 0 0 17.96 12.12 100 0
1 1 0.827586 0 0 0 0 14.65 9.47 100 0
0 0 0.53125 0 0 0 0 0 0 0 0
0 0 0.271369 0 0 0 0 0 0 0 0
1 0 0.805263 0 0 0 0 13.94 9.31 100 0
1 1 0.584416 0 0 0 0 16.98 11.26 100 0
1 1 0.735593 0 0 0 0 19.97 15.34 94.74 0
0 0 0.853448 0 0 0 0 0 0 0 0
0 0 0.878571 0 0 0 0 0 0 0 0
0 0 0.376721 0 0 0 0 0 0 0 0
0 0 0.437799 0 0 0 0 0 0 0 0
0 0 0.254823 0 0 0 0 0 0 0 0
0 0 0.412758 0 0 0 0 0 0 0 0
0 0 0.289116 0 0 0 0 0 0 0 0
0 0 0.351852 0 0 0 0 0 0 0 0
0 0 0.338936 0 0 0 0 0 0 0 0
0 0 0.429508 0 0 0 0 0 0 0 0
0 0 0.493151 0 0 0 0 0 0 0 0
0 0 0.452862 0 0 0 0 0 0 0 0
0 0 0.457483 0 0 0 0 0 0 0 0
0 0 0.47487 0 0 0 0 0 0 0 0
0 0 0.463287 0 0 0 0 0 0 0 0
0 0 0.452703 0 0 0 0 0 0 0 0
0 0 0.228236 0 0 0 0 0 0 0 0
0 0 0.204468 0 0 0 0 0 0 0 0
0 0 0.512111 0 0 0 0 0 0 0 0
0 0 0.552519 0 0 0 0 0 0 0 0
0 0 0.532833 0 0 0 0 0 0 0 0
0 0 0.510929 0 0 0 0 0 0 0 0
0 0 0.551775 0 0 0 0 0 0 0 0
0 0 0.527108 0 0 0 0 0 0 0 0
0 0 0.546341 0 0 0 0 0 0 0 0
0 0 0.467797 0 0 0 0 0 0 0 0
0 0 0.783985 0 0 0 0 0 0 0 0
0 0 0.721494 0 0 0 0 0 0 0 0
0 0 0.852823 0 0 0 0 0 0 0 0
0 0 0.721506 0 0 0 0 0 0 0 0
0 0 0.536145 0 0 0 0 0 0 0 0
0 0 0.570194 0 0 0 0 0 0 0 0
0 0 0.61674 0 0 0 0 0 0 0 0
0 0 0.619318 0 0 0 0 0 0 0 0
0 0 0.900901 0 0 0 0 0 0 0 0
0 0 0.637874 0 0 0 0 0 0 0 0
0 0 0.638462 0 0 0 0 0 0 0 0
0 0 0.820896 0 0 0 0 0 0 0 0
0 0 0.650177 0 0 0 0 0 0 0 0
0 0 0.706736 0 0 0 0 0 0 0 0
0 0 0.508696 0 0 0 0 0 0 0 0
0 0 0.587927 0 0 0 0 0 0 0 0
0 0 0.732697 0 0 0 0 0 0 0 0
0 0 0.290927 0 0 0 0 0 0 0 0
0 0 0.791096 0 0 0 0 0 0 0 0
0 0 0.111538 0 0 0 0 0 0 0 0
0 0 0.490991 0 0 0 0 0 0 0 0
0 0 0.747228 0 0 0 0 0 0 0 0
0 0 0.707298 0 0 0 0 0 0 0 0
0 0 0.669173 0 0 0 0 0 0 0 0
0 0 0.279459 0 0 0 0 0 0 0 0
0 0 0.604064 0 0 0 0 0 0 0 0
0 0 0.486056 0 0 0 0 0 0 0 0
0 0 0.710956 0 0 0 0 0 0 0 0
0 0 0.367527 0 0 0 0 0 0 0 0
0 0 0.51511 0 0 0 0 0 0 0 0
0 0 0.723005 0 0 0 0 0 0 0 0
0 0 0.715686 0 0 0 0 0 0 0 0
0 0 0.411315 0 0 0 0 0 0 0 0
0 0 0.486395 0 0 0 0 0 0 0 0
0 0 0.445652 0 0 0 0 0 0 0 0
0 0 0.742857 0 0 0 0 0 0 0 0
0 0 0.536842 0 0 0 0 0 0 0 0
0 0 0.854737 0 0 0 0 0 0 0 0
0 0 0.565611 0 0 0 0 0 0 0 0
0 0 0.708696 0 0 0 0 0 0 0 0
1 1 0.375723 0 0 0 0 14.37 9.49 100 0
0 0 0.565611 0 0 0 0 0 0 0 0
1 0 0.360947 0 0 0 0 13.64 8.6 100 0
0 0 0.39834 0 0 0 0 0 0 0 0
0 0 0.298246 0 0 0 0 0 0 0 0
1 1 0.375723 0 0 0 0 14.37 9.49 100 0
1 0 0.986799 0 0 0 0 5 3.11 100 0
1 1 0.911765 0 0 0 0 4.64 3.02 0 0
1 0 0.990566 0 0 0 0 5.09 3.31 100 0
1 1 0.979798 0 0 0 0 4.67 3.02 0 0
0 0 0.521249 0 0 0 0 0 0 0 0
1 1 0.492725 0 0 0 0 15.36 9.9 0 0
0 0 0.288032 0 0 0 0 0 0 0 0
1 0 0.136628 0 0 0 0 13.65 8.87 100 0
0 0 0.521249 0 0 0 0 0 0 0 0
1 1 0.492725 0 0 0 0 13 7.91 0 0
0 0 0.288032 0 0 0 0 0 0 0 0
1 0 0.136628 0 0 0 0 11.54 7.11 100 0
0 0 0.44252 0 0 0 0 0 0 0 0
1 1 0.9125 0 0 0 0 11.78 7.61 100 0
0 0 0.146914 0 0 0 0 0 0 0 0
0 0 0.731544 0 0 0 0 0 0 0 0
1 1 0.594527 0 0 0 0 12.49 7.41 90 0
0 0 0.521249 0 0 0 0 0 0 0 0
1 1 0.492725 0 0 0 0 13 7.91 0 0
0 0 0.288032 0 0 0 0 0 0 0 0
1 0 0.136628 0 0 0 0 11.54 7.11 100 0
0 0 0.458268 0 0 0 0 0 0 0 0
1 1 0.9125 0 0 0 0 11.78 7.61 100 0
0 0 0.147068 0 0 0 0 0 0 0 0
0 0 0.731544 0 0 0 0 0 0 0 0
1 1 0.594527 0 0 0 0 12.49 7.41 90 0
0 0 0.521249 0 0 0 0 0 0 0 0
1 1 0.492725 0 0 0 0 12.96 7.88 0 0
0 0 0.288032 0 0 0 0 0 0 0 0
1 0 0.136628 0 0 0 0 11.51 7.09 100 0
0 0 0.44252 0 0 0 0 0 0 0 0
1 1 0.9125 0 0 0 0 11.75 7.58 100 0
0 0 0.146914 0 0 0 0 0 0 0 0
0 0 0.731544 0 0 0 0 0 0 0 0
1 1 0.594527 0 0 0 0 12.45 7.38 90 0
1 0 0.490934 0 0 0 0 14.16 8.75 16.67 0
0 0 0.501718 0 0 0 0 0 0 0 0
0 0 0.523297 0 0 0 0 0 0 0 0
1 1 0.695652 0 0 0 0 15.05 9.36 90.91 0
1 0 0.687697 0 0 0 0 0 0 0 0
1 1 0.936364 0 0 0 0 8.19 5.15 100 0
1 1 0.736111 0 0 0 0 11.85 8.27 55.56 0
1 1 0.66568 0 0 0 0 12.29 7.59 100 0
0 0 0.433333 0 0 0 0 0 0 0 0
1 0 0.349076 0 0 0 0 9.34 5.29 68.89 0
1 1 0.5796 0 0 0 0 11.01 7.05 26.92 0
0 0 0.509434 0 0 0 0 0 0 0 0
1 1 0.41541 0 0 0 0 17.49 11.06 100 0
1 1 0.41541 0 0 0 0 17.49 11.06 100 0
1 0 0.813131 0 0 0 0 15.16 12.09 100 0
1 1 0.679825 0 0 0 0 14.16 8.66 0 0
1 1 0.884058 0 0 0 0 16.65 11.06 0 0
1 1 0.535971 0 0 0 0 11.64 7.01 0 0
1 1 0.489869 0 0 0 0 9.78 5.04 35 0
0 0 0.260785 0 0 0 0 0 0 0 0
0 0 0.362016 0 0 0 0 0 0 0 0
1 1 0.60274 0 0 0 0 15.31 9.81 100 0
1 1 0.473684 0 0 0 0 15.31 9.81 100 0
1 0 0.55914 0 0 0 0 9.72 5.69 100 0
1 1 0.895683 0 0 0 0 9.29 5.09 0 0
1 1 0.927914 0 0 0 0 9.11 5.03 0 0
1 1 0.918216 0 0 0 0 9.42 5.09 50 0
1 0 0.556757 0 0 0 0 8.6 5.05 100 0
1 1 0.895683 0 0 0 0 8.22 4.52 0 0
1 1 0.839363 0 0 0 0 8.07 4.47 0 0
1 1 0.918216 0 0 0 0 8.34 4.52 50 0
1 0 0.564263 0 0 0 0 15.71 10.06 100 0
1 0 0.525 0 0 0 0 10.63 6.45 100 0
1 0 0.573869 0 0 0 0 11.16 7.18 100 0
0 0 0.160035 0 0 0 0 0 0 0 0
0 0 0.480892 0 0 0 0 0 0 0 0
1 0 0.677043 0 0 0 0 0 0 0 0
0 0 0.566929 0 0 0 0 0 0 0 0
1 1 0.7625 0 0 0 0 15.48 10.15 100 0
1 1 0.772988 0 0 0 0 12.74 8.09 72.73 0
1 1 0.488372 0 0 0 0 15.33 10.04 100 0
1 1 0.57783 0 0 0 0 5.68 3.65 100 0
0 0 0.658291 0 0 0 0 0 0 0 0
1 1 0.654494 0 0 0 0 5.15 2.98 50 0
0 0 0.539823 0 0 0 0 0 0 0 0
0 0 0.42168 0 0 0 0 0 0 0 0
0 0 0.537746 0 0 0 0 0 0 0 0
0 0 0.601512 0 0 0 0 0 0 0 0
0 0 0.830882 0 0 0 0 0 0 0 0
0 0 0.726804 0 0 0 0 0 0 0 0
1 0 0.520408 0 0 0 0 5.14 2.76 100 0
1 1 0.591489 0 0 0 0 5.25 2.99 40 0
1 1 0.728155 0 0 0 0 5.25 3.05 100 0
0 0 0.633205 0 0 0 0 0 0 0 0
0 0 0.397951 0 0 0 0 0 0 0 0
0 0 0.6 0 0 0 0 0 0 0 0
1 1 0.486842 0 0 0 0 5.12 2.99 100 0
1 1 0.57783 0 0 0 0 5.65 3.59 100 0
0 0 0.658291 0 0 0 0 0 0 0 0
1 1 0.654494 0 0 0 0 5.15 2.98 50 0
0 0 0.539823 0 0 0 0 0 0 0 0
0 0 0.42168 0 0 0 0 0 0 0 0
0 0 0.537746 0 0 0 0 0 0 0 0
0 0 0.577004 0 0 0 0 0 0 0 0
0 0 0.830882 0 0 0 0 0 0 0 0
0 0 0.726804 0 0 0 0 0 0 0 0
1 0 0.520408 0 0 0 0 5.14 2.76 100 0
1 1 0.591489 0 0 0 0 5.25 2.99 40 0
1 1 0.728155 0 0 0 0 5.25 3.05 100 0
0 0 0.633205 0 0 0 0 0 0 0 0
0 0 0.397951 0 0 0 0 0 0 0 0
0 0 0.6 0 0 0 0 0 0 0 0
1 1 0.486842 0 0 0 0 5.12 2.99 100 0
1 1 0.57783 0 0 0 0 5.66 3.62 100 0
0 0 0.658291 0 0 0 0 0 0 0 0
1 1 0.654494 0 0 0 0 5.15 2.98 50 0
0 0 0.539823 0 0 0 0 0 0 0 0
0 0 0.42168 0 0 0 0 0 0 0 0
0 0 0.537746 0 0 0 0 0 0 0 0
0 0 0.592363 0 0 0 0 0 0 0 0
0 0 0.830882 0 0 0 0 0 0 0 0
0 0 0.726804 0 0 0 0 0 0 0 0
1 0 0.520408 0 0 0 0 5.14 2.76 100 0
1 1 0.591489 0 0 0 0 5.25 2.99 40 0
1 1 0.728155 0 0 0 0 5.25 3.05 100 0
0 0 0.633205 0 0 0 0 0 0 0 0
0 0 0.397951 0 0 0 0 0 0 0 0
0 0 0.6 0 0 0 0 0 0 0 0
1 1 0.486842 0 0 0 0 5.12 2.99 100 0
1 1 0.57783 0 0 0 0 5.67 3.62 100 0
0 0 0.658291 0 0 0 0 0 0 0 0
1 1 0.654494 0 0 0 0 5.15 2.98 50 0
0 0 0.539823 0 0 0 0 0 0 0 0
0 0 0.42168 0 0 0 0 0 0 0 0
0 0 0.537746 0 0 0 0 0 0 0 0
0 0 0.596509 0 0 0 0 0 0 0 0
0 0 0.830882 0 0 0 0 0 0 0 0
0 0 0.726804 0 0 0 0 0 0 0 0
1 0 0.520408 0 0 0 0 5.14 2.76 100 0
1 1 0.591489 0 0 0 0 5.25 2.99 40 0
1 1 0.728155 0 0 0 0 5.25 3.05 100 0
0 0 0.633205 0 0 0 0 0 0 0 0
0 0 0.397951 0 0 0 0 0 0 0 0
0 0 0.6 0 0 0 0 0 0 0 0
1 1 0.486842 0 0 0 0 5.12 2.99 100 0
0 0 0.641129 0 0 0 0 0 0 0 0
0 0 0.641129 0 0 0 0 0 0 0 0
1 1 0.807547 0 0 0 0 14.53 8.51 0 0
1 1 0.746606 0 0 0 0 12.89 8.73 71.43 0
1 1 0.749561 0 0 0 0 13.45 9.9 93.94 0
1 1 0.51863 0 0 0 0 11.86 7.13 66.67 0
1 1 0.721348 0 0 0 0 13.45 10.25 100 0
1 1 0.468144 0 0 0 0 12.69 7.87 84.62 0
1 1 0.513253 0 0 0 0 12.67 7.81 100 0
0 0 0.292208 0 0 0 0 0 0 0 0
1 1 0.743202 0 0 0 0 12.47 7.81 100 0
1 1 0.961877 0 0 0 0 11.62 7.48 100 0
0 0 0.641075 0 0 0 0 0 0 0 0
0 0 0.828063 0 0 0 0 0 0 0 0
0 0 0.684211 0 0 0 0 0 0 0 0
1 1 0.590264 0 0 0 0 12.71 9.15 73.08 0
1 0 0.584677 0 0 0 0 12.34 7.53 75 0
0 0 0.429664 0 0 0 0 0 0 0 0
1 1 0.643939 0 0 0 0 13.44 9.03 80 0
0 0 0.565746 0 0 0 0 0 0 0 0
1 1 0.675835 0 0 0 0 16.43 10.88 88.89 0
0 0 0.632877 0 0 0 0 0 0 0 0
1 1 0.754902 0 0 0 0 14.85 10.24 100 0
1 1 0.821538 0 0 0 0 13.28 7.87 0 0
1 1 0.81 0 0 0 0 14.74 10.41 100 0
1 1 0.884146 0 0 0 0 13.31 7.84 0 0
1 1 0.701087 0 0 0 0 13.27 7.84 0 0
1 1 0.690141 0 0 0 0 16.8 11.06 100 0
1 1 0.714286 0 0 0 0 13.18 7.87 0 0
1 1 0.844156 0 0 0 0 13.96 8.78 66.67 0
1 1 0.770408 0 0 0 0 13.29 7.84 0 0
1 1 0.72973 0 0 0 0 12.88 7.55 0 0
0 0 0.312217 0 0 0 0 0 0 0 0
1 1 0.749561 0 0 0 0 15.5 11.63 93.94 0
0 0 0.192346 0 0 0 0 0 0 0 0
0 0 0.152809 0 0 0 0 0 0 0 0
0 0 0.285319 0 0 0 0 0 0 0 0
1 1 0.513253 0 0 0 0 14.62 9.19 100 0
0 0 0.292208 0 0 0 0 0 0 0 0
1 1 0.743202 0 0 0 0 14.39 9.19 100 0
1 1 0.961877 0 0 0 0 13.41 8.79 100 0
1 1 0.418605 0 0 0 0 14.69 9.47 100 0
1 1 0.777778 0 0 0 0 14.65 9.47 0 0
0 0 0.516129 0 0 0 0 0 0 0 0
1 1 0.853211 0 0 0 0 10.17 6.02 80 0
0 0 0.203046 0 0 0 0 0 0 0 0
0 0 0.585034 0 0 0 0 0 0 0 0
0 0 0.811321 0 0 0 0 0 0 0 0
0 0 0.502577 0 0 0 0 0 0 0 0
0 0 0.812048 0 0 0 0 0 0 0 0
0 0 0.563866 0 0 0 0 0 0 0 0
0 0 0.252346 0 0 0 0 0 0 0 0
0 0 0.277351 0 0 0 0 0 0 0 0
1 1 0.363002 0 0 0 0 7.46 5.25 82.35 0
0 0 0.546926 0 0 0 0 0 0 0 0
0 0 0.625 0 0 0 0 0 0 0 0
0 0 0.685976 0 0 0 0 0 0 0 0
0 0 0.605 0 0 0 0 0 0 0 0
0 0 0.844178 0 0 0 0 0 0 0 0
0 0 0.288711 0 0 0 0 0 0 0 0
0 0 0.790698 0 0 0 0 0 0 0 0
0 0 0.789773 0 0 0 0 0 0 0 0
0 0 0.789773 0 0 0 0 0 0 0 0
0 0 0.573864 0 0 0 0 0 0 0 0
0 0 0.233766 0 0 0 0 0 0 0 0
0 0 0.649718 0 0 0 0 0 0 0 0
0 0 0.441989 0 0 0 0 0 0 0 0
0 0 0.486188 0 0 0 0 0 0 0 0
0 0 0.541436 0 0 0 0 0 0 0 0
0 0 0.227848 0 0 0 0 0 0 0 0
0 0 0.610837 0 0 0 0 0 0 0 0
0 0 0.59596 0 0 0 0 0 0 0 0
0 0 0.709845 0 0 0 0 0 0 0 0
0 0 0.553846 0 0 0 0 0 0 0 0
0 0 0.683333 0 0 0 0 0 0 0 0
0 0 0.551546 0 0 0 0 0 0 0 0
0 0 0.693989 0 0 0 0 0 0 0 0
0 0 0.563158 0 0 0 0 0 0 0 0
0 0 0.5 0 0 0 0 0 0 0 0
0 0 0.564706 0 0 0 0 0 0 0 0
0 0 0.626667 0 0 0 0 0 0 0 0
0 0 0.580153 0 0 0 0 0 0 0 0
0 0 0.506494 0 0 0 0 0 0 0 0
0 0 0.714286 0 0 0 0 0 0 0 0
0 0 0.540698 0 0 0 0 0 0 0 0
1 0 0.55643 0 0 0 0 12.98 9.25 62.5 0
1 0 0.481818 0 0 0 0 13.41 9.35 63.16 0
1 1 0.528908 0 0 0 0 13.36 9.57 100 0
1 1 0.537118 0 0 0 0 12.55 9.04 100 0
1 0 0.432099 0 0 0 0 11.99 7.64 100 0
1 0 0.656522 0 0 0 0 13.2 10.27 100 0
1 1 0.666667 0 0 0 0 12.55 8.73 100 0
1 0 0.76282 0 0 0 0 12.29 8.08 100 0
1 0 0.374449 0 0 0 0 12.59 7.56 100 0
1 0 0.483173 0 0 0 0 12.92 9.25 88.89 0
1 0 0.612795 0 0 0 0 13.17 8.43 100 0
0 0 0.556164 0 0 0 0 0 0 0 0
0 0 0.519481 0 0 0 0 0 0 0 0
0 0 0.591304 0 0 0 0 0 0 0 0
0 0 0.205709 0 0 0 0 0 0 0 0
0 0 0.323378 0 0 0 0 0 0 0 0
0 0 0.132421 0 0 0 0 0 0 0 0
0 0 0.206812 0 0 0 0 0 0 0 0
1 1 0.66985 0 0 0 0 12.11 8.3 70 0
1 1 0.644509 0 0 0 0 12.11 8.3 70 0
1 1 0.546729 0 0 0 0 11.06 7.08 0 0
1 1 0.643868 0 0 0 0 10.69 6.8 0 0
1 1 0.450216 0 0 0 0 10.6 6.73 0 0
1 1 0.462656 0 0 0 0 10.59 6.73 0 0
0 0 0.454545 0 0 0 0 0 0 0 0
1 1 0.450216 0 0 0 0 13.71 8.17 0 0
1 1 0.462656 0 0 0 0 13.7 8.17 0 0
0 0 0.454545 0 0 0 0 0 0 0 0
0 0 0.591304 0 0 0 0 0 0 0 0
0 0 0.205709 0 0 0 0 0 0 0 0
0 0 0.323378 0 0 0 0 0 0 0 0
0 0 0.132421 0 0 0 0 0 0 0 0
0 0 0.206812 0 0 0 0 0 0 0 0
1 1 0.66985 0 0 0 0 12.11 8.3 70 0
1 1 0.644509 0 0 0 0 12.11 8.3 70 0
1 1 0.546729 0 0 0 0 11.05 6.94 0 0
1 1 0.643868 0 0 0 0 10.69 6.8 0 0
1 1 0.450216 0 0 0 0 10.6 6.73 0 0
1 1 0.462656 0 0 0 0 10.59 6.73 0 0
0 0 0.454545 0 0 0 0 0 0 0 0
1 1 0.814815 0 0 0 0 10.9 7.77 100 0
0 0 0.591304 0 0 0 0 0 0 0 0
0 0 0.205709 0 0 0 0 0 0 0 0
0 0 0.323378 0 0 0 0 0 0 0 0
0 0 0.132421 0 0 0 0 0 0 0 0
0 0 0.206812 0 0 0 0 0 0 0 0
1 1 0.66985 0 0 0 0 12.06 8.26 70 0
1 1 0.644509 0 0 0 0 12.06 8.26 70 0
1 1 0.546729 0 0 0 0 11.02 7.05 0 0
1 1 0.643868 0 0 0 0 10.66 6.77 0 0
1 1 0.450216 0 0 0 0 10.56 6.7 0 0
1 1 0.462656 0 0 0 0 10.55 6.7 0 0
0 0 0.454545 0 0 0 0 0 0 0 0
0 0 0.591304 0 0 0 0 0 0 0 0
0 0 0.205709 0 0 0 0 0 0 0 0
0 0 0.323378 0 0 0 0 0 0 0 0
0 0 0.132421 0 0 0 0 0 0 0 0
0 0 0.206812 0 0 0 0 0 0 0 0
1 1 0.66985 0 0 0 0 12.11 8.3 70 0
1 1 0.644509 0 0 0 0 12.11 8.3 70 0
1 1 0.546729 0 0 0 0 10.96 6.94 0 0
1 1 0.643868 0 0 0 0 10.69 6.8 0 0
1 1 0.450216 0 0 0 0 10.6 6.73 0 0
1 1 0.462656 0 0 0 0 10.59 6.73 0 0
0 0 0.454545 0 0 0 0 0 0 0 0
1 1 0.653333 0 0 0 0 10.81 6.32 0 0
1 1 0.803279 0 0 0 0 9.44 5.31 0 0
1 1 0.698251 0 0 0 0 10.9 6.32 70 0
0 0 0.598974 0 0 0 0 0 0 0 0
0 0 0.558055 0 0 0 0 0 0 0 0
0 0 0.334821 0 0 0 0 0 0 0 0
1 0 0.503704 0 0 0 0 0 0 0 0
0 0 0.454545 0 0 0 0 0 0 0 0
0 0 0.590835 0 0 0 0 0 0 0 0
1 1 0.476015 0 0 0 0 5.43 3.48 100 0
1 1 0.561576 0 0 0 0 4.81 2.87 100 0
0 0 0.5131 0 0 0 0 0 0 0 0
1 1 0.664615 0 0 0 0 4.2 2.3 0 0
0 0 0.315082 0 0 0 0 0 0 0 0
0 0 0.576818 0 0 0 0 0 0 0 0
0 0 0.589286 0 0 0 0 0 0 0 0
0 0 0.406576 0 0 0 0 0 0 0 0
0 0 0.400628 0 0 0 0 0 0 0 0
0 0 0.351306 0 0 0 0 0 0 0 0
0 0 0.226889 0 0 0 0 0 0 0 0
0 0 0.245269 0 0 0 0 0 0 0 0
0 0 0.395254 0 0 0 0 0 0 0 0
0 0 0.27629 0 0 0 0 0 0 0 0
0 0 0.413148 0 0 0 0 0 0 0 0
1 1 0.980769 0 0 0 0 3.92 2.02 100 0
0 0 0.677852 0 0 0 0 0 0 0 0
0 0 0.556925 0 0 0 0 0 0 0 0
0 0 0.335151 0 0 0 0 0 0 0 0
0 0 0.503704 0 0 0 0 0 0 0 0
0 0 0.454545 0 0 0 0 0 0 0 0
0 0 0.590835 0 0 0 0 0 0 0 0
0 0 0.476015 0 0 0 0 0 0 0 0
0 0 0.561576 0 0 0 0 0 0 0 0
0 0 0.5131 0 0 0 0 0 0 0 0
0 0 0.664615 0 0 0 0 0 0 0 0
0 0 0.316354 0 0 0 0 0 0 0 0
0 0 0.575873 0 0 0 0 0 0 0 0
0 0 0.587744 0 0 0 0 0 0 0 0
0 0 0.40619 0 0 0 0 0 0 0 0
0 0 0.399843 0 0 0 0 0 0 0 0
0 0 0.351306 0 0 0 0 0 0 0 0
0 0 0.217074 0 0 0 0 0 0 0 0
0 0 0.243832 0 0 0 0 0 0 0 0
0 0 0.394512 0 0 0 0 0 0 0 0
0 0 0.279266 0 0 0 0 0 0 0 0
0 0 0.413148 0 0 0 0 0 0 0 0
0 0 0.980769 0 0 0 0 0 0 0 0
0 0 0.677852 0 0 0 0 0 0 0 0
0 0 0.557246 0 0 0 0 0 0 0 0
0 0 0.334655 0 0 0 0 0 0 0 0
0 0 0.503704 0 0 0 0 0 0 0 0
0 0 0.454545 0 0 0 0 0 0 0 0
0 0 0.590835 0 0 0 0 0 0 0 0
0 0 0.476015 0 0 0 0 0 0 0 0
0 0 0.560197 0 0 0 0 0 0 0 0
0 0 0.5131 0 0 0 0 0 0 0 0
0 0 0.663934 0 0 0 0 0 0 0 0
0 0 0.314008 0 0 0 0 0 0 0 0
0 0 0.575245 0 0 0 0 0 0 0 0
0 0 0.587744 0 0 0 0 0 0 0 0
0 0 0.40619 0 0 0 0 0 0 0 0
0 0 0.399843 0 0 0 0 0 0 0 0
0 0 0.350971 0 0 0 0 0 0 0 0
0 0 0.222552 0 0 0 0 0 0 0 0
0 0 0.243832 0 0 0 0 0 0 0 0
0 0 0.387473 0 0 0 0 0 0 0 0
0 0 0.275538 0 0 0 0 0 0 0 0
0 0 0.411892 0 0 0 0 0 0 0 0
0 0 0.980769 0 0 0 0 0 0 0 0
0 0 0.677852 0 0 0 0 0 0 0 0
0 0 0.556522 0 0 0 0 0 0 0 0
0 0 0.334655 0 0 0 0 0 0 0 0
0 0 0.503704 0 0 0 0 0 0 0 0
0 0 0.454545 0 0 0 0 0 0 0 0
0 0 0.590835 0 0 0 0 0 0 0 0
0 0 0.476015 0 0 0 0 0 0 0 0
0 0 0.560197 0 0 0 0 0 0 0 0
0 0 0.5131 0 0 0 0 0 0 0 0
0 0 0.663255 0 0 0 0 0 0 0 0
0 0 0.316019 0 0 0 0 0 0 0 0
0 0 0.572519 0 0 0 0 0 0 0 0
0 0 0.587187 0 0 0 0 0 0 0 0
0 0 0.40619 0 0 0 0 0 0 0 0
0 0 0.399843 0 0 0 0 0 0 0 0
0 0 0.350971 0 0 0 0 0 0 0 0
0 0 0.226505 0 0 0 0 0 0 0 0
0 0 0.241797 0 0 0 0 0 0 0 0
0 0 0.387837 0 0 0 0 0 0 0 0
0 0 0.275538 0 0 0 0 0 0 0 0
0 0 0.411892 0 0 0 0 0 0 0 0
0 0 0.980769 0 0 0 0 0 0 0 0
0 0 0.677852 0 0 0 0 0 0 0 0
0 0 0.516949 0 0 0 0 0 0 0 0
1 1 0.721408 0 0 0 0 11.82 7.33 92.86 0
0 0 0.556522 0 0 0 0 0 0 0 0
0 0 0.334655 0 0 0 0 0 0 0 0
0 0 0.503704 0 0 0 0 0 0 0 0
0 0 0.454545 0 0 0 0 0 0 0 0
0 0 0.589869 0 0 0 0 0 0 0 0
0 0 0.476015 0 0 0 0 0 0 0 0
0 0 0.560197 0 0 0 0 0 0 0 0
0 0 0.5131 0 0 0 0 0 0 0 0
0 0 0.663255 0 0 0 0 0 0 0 0
0 0 0.316354 0 0 0 0 0 0 0 0
0 0 0.5747 0 0 0 0 0 0 0 0
0 0 0.578273 0 0 0 0 0 0 0 0
0 0 0.40619 0 0 0 0 0 0 0 0
0 0 0.399843 0 0 0 0 0 0 0 0
0 0 0.350519 0 0 0 0 0 0 0 0
0 0 0.225295 0 0 0 0 0 0 0 0
0 0 0.242511 0 0 0 0 0 0 0 0
0 0 0.387473 0 0 0 0 0 0 0 0
0 0 0.273065 0 0 0 0 0 0 0 0
0 0 0.411892 0 0 0 0 0 0 0 0
0 0 0.980769 0 0 0 0 0 0 0 0
0 0 0.677852 0 0 0 0 0 0 0 0
0 0 0.556522 0 0 0 0 0 0 0 0
0 0 0.334655 0 0 0 0 0 0 0 0
0 0 0.503704 0 0 0 0 0 0 0 0
0 0 0.454545 0 0 0 0 0 0 0 0
0 0 0.589869 0 0 0 0 0 0 0 0
0 0 0.475138 0 0 0 0 0 0 0 0
0 0 0.560197 0 0 0 0 0 0 0 0
0 0 0.5131 0 0 0 0 0 0 0 0
0 0 0.663255 0 0 0 0 0 0 0 0
0 0 0.314008 0 0 0 0 0 0 0 0
0 0 0.575245 0 0 0 0 0 0 0 0
0 0 0.587187 0 0 0 0 0 0 0 0
0 0 0.40619 0 0 0 0 0 0 0 0
0 0 0.399843 0 0 0 0 0 0 0 0
0 0 0.347365 0 0 0 0 0 0 0 0
0 0 0.225068 0 0 0 0 0 0 0 0
0 0 0.242986 0 0 0 0 0 0 0 0
0 0 0.387473 0 0 0 0 0 0 0 0
0 0 0.275538 0 0 0 0 0 0 0 0
0 0 0.412326 0 0 0 0 0 0 0 0
0 0 0.980769 0 0 0 0 0 0 0 0
0 0 0.677852 0 0 0 0 0 0 0 0
0 0 0.557246 0 0 0 0 0 0 0 0
0 0 0.334655 0 0 0 0 0 0 0 0
0 0 0.503704 0 0 0 0 0 0 0 0
0 0 0.454545 0 0 0 0 0 0 0 0
0 0 0.589869 0 0 0 0 0 0 0 0
0 0 0.475138 0 0 0 0 0 0 0 0
0 0 0.560197 0 0 0 0 0 0 0 0
0 0 0.5131 0 0 0 0 0 0 0 0
0 0 0.663255 0 0 0 0 0 0 0 0
0 0 0.314008 0 0 0 0 0 0 0 0
0 0 0.572519 0 0 0 0 0 0 0 0
0 0 0.57883 0 0 0 0 0 0 0 0
0 0 0.40619 0 0 0 0 0 0 0 0
0 0 0.398434 0 0 0 0 0 0 0 0
0 0 0.347365 0 0 0 0 0 0 0 0
0 0 0.223935 0 0 0 0 0 0 0 0
0 0 0.242035 0 0 0 0 0 0 0 0
0 0 0.387837 0 0 0 0 0 0 0 0
0 0 0.273065 0 0 0 0 0 0 0 0
0 0 0.411892 0 0 0 0 0 0 0 0
0 0 0.980769 0 0 0 0 0 0 0 0
0 0 0.677852 0 0 0 0 0 0 0 0
0 0 0.556522 0 0 0 0 0 0 0 0
0 0 0.334655 0 0 0 0 0 0 0 0
0 0 0.503704 0 0 0 0 0 0 0 0
0 0 0.454545 0 0 0 0 0 0 0 0
0 0 0.589869 0 0 0 0 0 0 0 0
0 0 0.475138 0 0 0 0 0 0 0 0
0 0 0.560197 0 0 0 0 0 0 0 0
0 0 0.5131 0 0 0 0 0 0 0 0
0 0 0.663255 0 0 0 0 0 0 0 0
0 0 0.316019 0 0 0 0 0 0 0 0
0 0 0.571974 0 0 0 0 0 0 0 0
0 0 0.587187 0 0 0 0 0 0 0 0
0 0 0.406419 0 0 0 0 0 0 0 0
0 0 0.399217 0 0 0 0 0 0 0 0
0 0 0.347696 0 0 0 0 0 0 0 0
0 0 0.223935 0 0 0 0 0 0 0 0
0 0 0.242273 0 0 0 0 0 0 0 0
0 0 0.387473 0 0 0 0 0 0 0 0
0 0 0.275538 0 0 0 0 0 0 0 0
0 0 0.411458 0 0 0 0 0 0 0 0
0 0 0.980769 0 0 0 0 0 0 0 0
0 0 0.677852 0 0 0 0 0 0 0 0
0 0 0.662021 0 0 0 0 0 0 0 0
0 0 0.557246 0 0 0 0 0 0 0 0
0 0 0.334655 0 0 0 0 0 0 0 0
0 0 0.503704 0 0 0 0 0 0 0 0
0 0 0.454545 0 0 0 0 0 0 0 0
0 0 0.589869 0 0 0 0 0 0 0 0
0 0 0.475138 0 0 0 0 0 0 0 0
0 0 0.560197 0 0 0 0 0 0 0 0
0 0 0.5131 0 0 0 0 0 0 0 0
0 0 0.663255 0 0 0 0 0 0 0 0
0 0 0.316354 0 0 0 0 0 0 0 0
0 0 0.571974 0 0 0 0 0 0 0 0
0 0 0.587744 0 0 0 0 0 0 0 0
0 0 0.40478 0 0 0 0 0 0 0 0
0 0 0.398826 0 0 0 0 0 0 0 0
0 0 0.347365 0 0 0 0 0 0 0 0
0 0 0.224388 0 0 0 0 0 0 0 0
0 0 0.242273 0 0 0 0 0 0 0 0
0 0 0.387473 0 0 0 0 0 0 0 0
0 0 0.275538 0 0 0 0 0 0 0 0
0 0 0.411458 0 0 0 0 0 0 0 0
0 0 0.980769 0 0 0 0 0 0 0 0
0 0 0.677852 0 0 0 0 0 0 0 0
0 0 0.673611 0 0 0 0 0 0 0 0
0 0 0.557246 0 0 0 0 0 0 0 0
0 0 0.334324 0 0 0 0 0 0 0 0
0 0 0.503704 0 0 0 0 0 0 0 0
0 0 0.454545 0 0 0 0 0 0 0 0
0 0 0.589869 0 0 0 0 0 0 0 0
0 0 0.475138 0 0 0 0 0 0 0 0
0 0 0.560197 0 0 0 0 0 0 0 0
0 0 0.5131 0 0 0 0 0 0 0 0
0 0 0.663255 0 0 0 0 0 0 0 0
0 0 0.316354 0 0 0 0 0 0 0 0
0 0 0.575245 0 0 0 0 0 0 0 0
0 0 0.587187 0 0 0 0 0 0 0 0
0 0 0.405551 0 0 0 0 0 0 0 0
0 0 0.399217 0 0 0 0 0 0 0 0
0 0 0.348028 0 0 0 0 0 0 0 0
0 0 0.225295 0 0 0 0 0 0 0 0
0 0 0.243224 0 0 0 0 0 0 0 0
0 0 0.387473 0 0 0 0 0 0 0 0
0 0 0.275538 0 0 0 0 0 0 0 0
0 0 0.411458 0 0 0 0 0 0 0 0
0 0 0.980769 0 0 0 0 0 0 0 0
0 0 0.677852 0 0 0 0 0 0 0 0
0 0 0.556522 0 0 0 0 0 0 0 0
0 0 0.334653 0 0 0 0 0 0 0 0
0 0 0.503704 0 0 0 0 0 0 0 0
0 0 0.454545 0 0 0 0 0 0 0 0
0 0 0.589869 0 0 0 0 0 0 0 0
0 0 0.475138 0 0 0 0 0 0 0 0
0 0 0.560197 0 0 0 0 0 0 0 0
0 0 0.5131 0 0 0 0 0 0 0 0
0 0 0.663255 0 0 0 0 0 0 0 0
0 0 0.314678 0 0 0 0 0 0 0 0
0 0 0.5747 0 0 0 0 0 0 0 0
0 0 0.587187 0 0 0 0 0 0 0 0
0 0 0.40478 0 0 0 0 0 0 0 0
0 0 0.398826 0 0 0 0 0 0 0 0
0 0 0.347365 0 0 0 0 0 0 0 0
0 0 0.225521 0 0 0 0 0 0 0 0
0 0 0.243224 0 0 0 0 0 0 0 0
0 0 0.387837 0 0 0 0 0 0 0 0
0 0 0.275538 0 0 0 0 0 0 0 0
0 0 0.411892 0 0 0 0 0 0 0 0
0 0 0.980769 0 0 0 0 0 0 0 0
0 0 0.677852 0 0 0 0 0 0 0 0
0 0 0.557246 0 0 0 0 0 0 0 0
0 0 0.334653 0 0 0 0 0 0 0 0
0 0 0.503704 0 0 0 0 0 0 0 0
0 0 0.454545 0 0 0 0 0 0 0 0
0 0 0.589869 0 0 0 0 0 0 0 0
0 0 0.475138 0 0 0 0 0 0 0 0
0 0 0.560197 0 0 0 0 0 0 0 0
0 0 0.5131 0 0 0 0 0 0 0 0
0 0 0.663255 0 0 0 0 0 0 0 0
0 0 0.314008 0 0 0 0 0 0 0 0
0 0 0.5747 0 0 0 0 0 0 0 0
0 0 0.587319 0 0 0 0 0 0 0 0
0 0 0.40478 0 0 0 0 0 0 0 0
0 0 0.398434 0 0 0 0 0 0 0 0
0 0 0.347365 0 0 0 0 0 0 0 0
0 0 0.226655 0 0 0 0 0 0 0 0
0 0 0.242511 0 0 0 0 0 0 0 0
0 0 0.387473 0 0 0 0 0 0 0 0
0 0 0.278506 0 0 0 0 0 0 0 0
0 0 0.411892 0 0 0 0 0 0 0 0
0 0 0.980769 0 0 0 0 0 0 0 0
0 0 0.677852 0 0 0 0 0 0 0 0
0 0 0.557246 0 0 0 0 0 0 0 0
0 0 0.334653 0 0 0 0 0 0 0 0
0 0 0.503704 0 0 0 0 0 0 0 0
0 0 0.454545 0 0 0 0 0 0 0 0
0 0 0.589869 0 0 0 0 0 0 0 0
0 0 0.475138 0 0 0 0 0 0 0 0
0 0 0.560197 0 0 0 0 0 0 0 0
0 0 0.5131 0 0 0 0 0 0 0 0
0 0 0.663255 0 0 0 0 0 0 0 0
0 0 0.315807 0 0 0 0 0 0 0 0
0 0 0.571974 0 0 0 0 0 0 0 0
0 0 0.586667 0 0 0 0 0 0 0 0
0 0 0.405166 0 0 0 0 0 0 0 0
0 0 0.398826 0 0 0 0 0 0 0 0
0 0 0.347365 0 0 0 0 0 0 0 0
0 0 0.220988 0 0 0 0 0 0 0 0
0 0 0.243224 0 0 0 0 0 0 0 0
0 0 0.388201 0 0 0 0 0 0 0 0
0 0 0.275538 0 0 0 0 0 0 0 0
0 0 0.411892 0 0 0 0 0 0 0 0
0 0 0.980769 0 0 0 0 0 0 0 0
0 0 0.677852 0 0 0 0 0 0 0 0
0 0 0.644097 0 0 0 0 0 0 0 0
0 0 0.556522 0 0 0 0 0 0 0 0
0 0 0.334653 0 0 0 0 0 0 0 0
0 0 0.503704 0 0 0 0 0 0 0 0
0 0 0.454545 0 0 0 0 0 0 0 0
0 0 0.589869 0 0 0 0 0 0 0 0
0 0 0.475138 0 0 0 0 0 0 0 0
0 0 0.560197 0 0 0 0 0 0 0 0
0 0 0.5131 0 0 0 0 0 0 0 0
0 0 0.663255 0 0 0 0 0 0 0 0
0 0 0.313503 0 0 0 0 0 0 0 0
0 0 0.5747 0 0 0 0 0 0 0 0
0 0 0.586667 0 0 0 0 0 0 0 0
0 0 0.405166 0 0 0 0 0 0 0 0
0 0 0.398826 0 0 0 0 0 0 0 0
0 0 0.347696 0 0 0 0 0 0 0 0
0 0 0.221215 0 0 0 0 0 0 0 0
0 0 0.242273 0 0 0 0 0 0 0 0
0 0 0.388201 0 0 0 0 0 0 0 0
0 0 0.275538 0 0 0 0 0 0 0 0
0 0 0.411892 0 0 0 0 0 0 0 0
0 0 0.980769 0 0 0 0 0 0 0 0
0 0 0.677852 0 0 0 0 0 0 0 0
0 0 0.662021 0 0 0 0 0 0 0 0
0 0 0.556522 0 0 0 0 0 0 0 0
0 0 0.334653 0 0 0 0 0 0 0 0
0 0 0.503704 0 0 0 0 0 0 0 0
0 0 0.454545 0 0 0 0 0 0 0 0
0 0 0.589869 0 0 0 0 0 0 0 0
0 0 0.475138 0 0 0 0 0 0 0 0
0 0 0.560197 0 0 0 0 0 0 0 0
0 0 0.5131 0 0 0 0 0 0 0 0
0 0 0.663255 0 0 0 0 0 0 0 0
0 0 0.315508 0 0 0 0 0 0 0 0
0 0 0.5747 0 0 0 0 0 0 0 0
0 0 0.577222 0 0 0 0 0 0 0 0
0 0 0.40478 0 0 0 0 0 0 0 0
0 0 0.398434 0 0 0 0 0 0 0 0
0 0 0.347365 0 0 0 0 0 0 0 0
0 0 0.225068 0 0 0 0 0 0 0 0
0 0 0.242273 0 0 0 0 0 0 0 0
0 0 0.387837 0 0 0 0 0 0 0 0
0 0 0.275538 0 0 0 0 0 0 0 0
0 0 0.411458 0 0 0 0 0 0 0 0
0 0 0.980769 0 0 0 0 0 0 0 0
0 0 0.677852 0 0 0 0 0 0 0 0
0 0 0.677852 0 0 0 0 0 0 0 0
0 0 0.551092 0 0 0 0 0 0 0 0
0 0 0.505597 0 0 0 0 0 0 0 0
1 1 0.743243 0 0 0 0 9.84 5.67 83.33 0
0 0 0.231528 0 0 0 0 0 0 0 0
0 0 0.55867 0 0 0 0 0 0 0 0
0 0 0.72973 0 0 0 0 0 0 0 0
0 0 0.813456 0 0 0 0 0 0 0 0
0 0 0.440476 0 0 0 0 0 0 0 0
0 0 0.345541 0 0 0 0 0 0 0 0
0 0 0.228928 0 0 0 0 0 0 0 0
0 0 0.165932 0 0 0 0 0 0 0 0
1 1 0.791705 0 0 0 0 8.83 5.05 50 0
0 0 0.381883 0 0 0 0 0 0 0 0
1 1 0.610315 0 0 0 0 8.65 4.73 0 0
0 0 0.486252 0 0 0 0 0 0 0 0
0 0 0.241321 0 0 0 0 0 0 0 0
0 0 0.638323 0 0 0 0 0 0 0 0
0 0 0.475109 0 0 0 0 0 0 0 0
0 0 0.505597 0 0 0 0 0 0 0 0
1 1 0.743243 0 0 0 0 22.04 15.39 83.33 0
1 1 0.610315 0 0 0 0 7.45 4.13 0 0
0 0 0.493488 0 0 0 0 0 0 0 0
0 0 0.242168 0 0 0 0 0 0 0 0
0 0 0.638323 0 0 0 0 0 0 0 0
0 0 0.231528 0 0 0 0 0 0 0 0
0 0 0.55867 0 0 0 0 0 0 0 0
0 0 0.72973 0 0 0 0 0 0 0 0
0 0 0.813456 0 0 0 0 0 0 0 0
0 0 0.589448 0 0 0 0 0 0 0 0
0 0 0.437148 0 0 0 0 0 0 0 0
0 0 0.172414 0 0 0 0 0 0 0 0
0 0 0.440476 0 0 0 0 0 0 0 0
0 0 0.345541 0 0 0 0 0 0 0 0
0 0 0.228928 0 0 0 0 0 0 0 0
0 0 0.182565 0 0 0 0 0 0 0 0
1 1 0.791705 0 0 0 0 22.42 15.35 50 0
0 0 0.381883 0 0 0 0 0 0 0 0
1 1 0.650943 0 0 0 0 13.81 9 44.44 0
0 0 0.655039 0 0 0 0 0 0 0 0
0 0 0.74 0 0 0 0 0 0 0 0
0 0 0.86087 0 0 0 0 0 0 0 0
0 0 0.59695 0 0 0 0 0 0 0 0
0 0 0.56338 0 0 0 0 0 0 0 0
0 0 0.469264 0 0 0 0 0 0 0 0
0 0 0.57931 0 0 0 0 0 0 0 0
0 0 0.756923 0 0 0 0 0 0 0 0
0 0 0.531886 0 0 0 0 0 0 0 0
0 0 0.60199 0 0 0 0 0 0 0 0
0 0 0.164806 0 0 0 0 0 0 0 0
0 0 0.604429 0 0 0 0 0 0 0 0
0 0 0.39375 0 0 0 0 0 0 0 0
0 0 0.124648 0 0 0 0 0 0 0 0
0 0 0.551451 0 0 0 0 0 0 0 0
0 0 0.42236 0 0 0 0 0 0 0 0
0 0 0.655039 0 0 0 0 0 0 0 0
0 0 0.74 0 0 0 0 0 0 0 0
0 0 0.86087 0 0 0 0 0 0 0 0
0 0 0.59695 0 0 0 0 0 0 0 0
0 0 0.56338 0 0 0 0 0 0 0 0
0 0 0.469264 0 0 0 0 0 0 0 0
0 0 0.57931 0 0 0 0 0 0 0 0
0 0 0.756923 0 0 0 0 0 0 0 0
0 0 0.531886 0 0 0 0 0 0 0 0
0 0 0.60199 0 0 0 0 0 0 0 0
0 0 0.164806 0 0 0 0 0 0 0 0
0 0 0.545781 0 0 0 0 0 0 0 0
0 0 0.39375 0 0 0 0 0 0 0 0
0 0 0.124259 0 0 0 0 0 0 0 0
0 0 0.551451 0 0 0 0 0 0 0 0
0 0 0.42236 0 0 0 0 0 0 0 0
0 0 0.655039 0 0 0 0 0 0 0 0
0 0 0.74 0 0 0 0 0 0 0 0
0 0 0.86087 0 0 0 0 0 0 0 0
0 0 0.59695 0 0 0 0 0 0 0 0
0 0 0.56338 0 0 0 0 0 0 0 0
0 0 0.469264 0 0 0 0 0 0 0 0
0 0 0.57931 0 0 0 0 0 0 0 0
0 0 0.756923 0 0 0 0 0 0 0 0
0 0 0.531886 0 0 0 0 0 0 0 0
0 0 0.60199 0 0 0 0 0 0 0 0
0 0 0.164806 0 0 0 0 0 0 0 0
0 0 0.546379 0 0 0 0 0 0 0 0
0 0 0.39375 0 0 0 0 0 0 0 0
0 0 0.125231 0 0 0 0 0 0 0 0
0 0 0.551451 0 0 0 0 0 0 0 0
0 0 0.42236 0 0 0 0 0 0 0 0
0 0 0.816684 0 0 0 0 0 0 0 0
0 0 0.679452 0 0 0 0 0 0 0 0
0 0 0.580645 0 0 0 0 0 0 0 0
0 0 0.48 0 0 0 0 0 0 0 0
0 0 0.618033 0 0 0 0 0 0 0 0
0 0 0.295166 0 0 0 0 0 0 0 0
0 0 0.633663 0 0 0 0 0 0 0 0
0 0 0.42128 0 0 0 0 0 0 0 0
1 1 0.859779 0 0 0 0 15.71 10.48 100 0
1 1 0.463415 0 0 0 0 16.69 10.93 0 0
1 1 0.797101 0 0 0 0 14.12 8.77 0 0
1 1 0.895522 0 0 0 0 13.84 8.61 0 0
1 1 0.470103 0 0 0 0 16.53 10.85 0 0
0 0 0.630631 0 0 0 0 0 0 0 0
1 1 0.791469 0 0 0 0 17.61 12.34 71.43 0
1 1 0.791469 0 0 0 0 17.61 12.34 71.43 0
1 1 0.791469 0 0 0 0 17.61 12.34 71.43 0
0 0 0.365824 0 0 0 0 0 0 0 0
1 1 0.79017 0 0 0 0 17.39 11.2 100 0
1 1 0.808732 0 0 0 0 12.64 8.42 92.31 0
1 1 0.816372 0 0 0 0 16.59 11.05 92.86 0
1 1 0.720786 0 0 0 0 9.82 5.39 29.63 0
1 1 0.883843 0 0 0 0 10.87 6.31 34.48 0
1 0 0.791411 0 0 0 0 14.65 8.82 100 0
1 0 0.806061 0 0 0 0 14.65 8.82 100 0
0 0 0.39527 0 0 0 0 0 0 0 0
0 0 0.436027 0 0 0 0 0 0 0 0
0 0 0.553459 0 0 0 0 0 0 0 0
0 0 0.608833 0 0 0 0 0 0 0 0
0 0 0.529661 0 0 0 0 0 0 0 0
0 0 0.584871 0 0 0 0 0 0 0 0
0 0 0.570957 0 0 0 0 0 0 0 0
0 0 0.610156 0 0 0 0 0 0 0 0
1 1 0.684971 0 0 0 0 9.6 5.32 0 0
1 1 0.737733 0 0 0 0 15.31 10.27 0 0
1 0 0.736449 0 0 0 0 0 0 0 0
0 0 0.738235 0 0 0 0 0 0 0 0
1 1 0.906706 0 0 0 0 14.72 9.52 36.36 0
0 0 0.359513 0 0 0 0 0 0 0 0
0 0 0.639566 0 0 0 0 0 0 0 0
0 0 0.680723 0 0 0 0 0 0 0 0
0 0 0.843931 0 0 0 0 0 0 0 0
0 0 0.27033 0 0 0 0 0 0 0 0
1 1 0.611111 0 0 0 0 12.93 8.69 52.38 0
0 0 0.76006 0 0 0 0 0 0 0 0
0 0 0.624661 0 0 0 0 0 0 0 0
0 0 0.811215 0 0 0 0 0 0 0 0
0 0 0.880102 0 0 0 0 0 0 0 0
0 0 0.648276 0 0 0 0 0 0 0 0
1 1 0.540373 0 0 0 0 14.25 8.66 0 0
1 1 0.519774 0 0 0 0 15.11 9.81 100 0
0 0 0.796733 0 0 0 0 0 0 0 0
0 0 0.650614 0 0 0 0 0 0 0 0
0 0 0.456215 0 0 0 0 0 0 0 0
1 1 0.690037 0 0 0 0 13.63 10.28 75 0
0 0 0.43035 0 0 0 0 0 0 0 0
1 1 0.767327 0 0 0 0 25.4 18.11 80 0
1 1 0.802885 0 0 0 0 25.96 18.72 80 0
1 1 0.509615 0 0 0 0 9.39 5.59 87.5 0
1 1 0.648562 0 0 0 0 16.5 10.64 87.5 0
0 0 0.720379 0 0 0 0 0 0 0 0
0 0 0.722022 0 0 0 0 0 0 0 0
0 0 0.504425 0 0 0 0 0 0 0 0
0 0 0.351485 0 0 0 0 0 0 0 0
0 0 0.305648 0 0 0 0 0 0 0 0
1 1 0.51282 0 0 0 0 17.48 11.06 87.5 0
1 1 0.833333 0 0 0 0 8.76 4.94 100 0
0 0 0.538462 0 0 0 0 0 0 0 0
0 0 0.729885 0 0 0 0 0 0 0 0
0 0 0.737589 0 0 0 0 0 0 0 0
0 0 0.722222 0 0 0 0 0 0 0 0
0 0 0.611814 0 0 0 0 0 0 0 0
0 0 0.668966 0 0 0 0 0 0 0 0
0 0 0.615789 0 0 0 0 0 0 0 0
0 0 0.805147 0 0 0 0 0 0 0 0
0 0 0.510158 0 0 0 0 0 0 0 0
0 0 0.557457 0 0 0 0 0 0 0 0
0 0 0.768212 0 0 0 0 0 0 0 0
0 0 0.734266 0 0 0 0 0 0 0 0
0 0 0.57732 0 0 0 0 0 0 0 0
0 0 0.778706 0 0 0 0 0 0 0 0
0 0 0.81962 0 0 0 0 0 0 0 0
1 1 0.737113 0 0 0 0 15.41 9.55 62.5 0
0 0 0.547378 0 0 0 0 0 0 0 0
0 0 0.377926 0 0 0 0 0 0 0 0
1 1 0.498127 0 0 0 0 15.37 10.11 100 0
0 0 0.462672 0 0 0 0 0 0 0 0
1 1 0.42804 0 0 0 0 21.7 14.24 0 0
1 1 0.636107 0 0 0 0 15.9 10.59 42.86 0
0 0 0.279818 0 0 0 0 0 0 0 0
0 0 0.482237 0 0 0 0 0 0 0 0
0 0 0.395881 0 0 0 0 0 0 0 0
0 0 0.412218 0 0 0 0 0 0 0 0
0 0 0.432635 0 0 0 0 0 0 0 0
0 0 0.484837 0 0 0 0 0 0 0 0
1 1 0.540126 0 0 0 0 22.69 17.13 100 0
0 0 0.466667 0 0 0 0 0 0 0 0
0 0 0.572581 0 0 0 0 0 0 0 0
0 0 0.703504 0 0 0 0 0 0 0 0
0 0 0.677043 0 0 0 0 0 0 0 0
0 0 0.702335 0 0 0 0 0 0 0 0
0 0 0.557727 0 0 0 0 0 0 0 0
0 0 0.568882 0 0 0 0 0 0 0 0
0 0 0.644809 0 0 0 0 0 0 0 0
0 0 0.717181 0 0 0 0 0 0 0 0
0 0 0.526984 0 0 0 0 0 0 0 0
0 0 0.514563 0 0 0 0 0 0 0 0
0 0 0.700478 0 0 0 0 0 0 0 0
0 0 0.59252 0 0 0 0 0 0 0 0
0 0 0.595993 0 0 0 0 0 0 0 0
0 0 0.497791 0 0 0 0 0 0 0 0
0 0 0.471614 0 0 0 0 0 0 0 0
0 0 0.462993 0 0 0 0 0 0 0 0
0 0 0.635659 0 0 0 0 0 0 0 0
0 0 0.780374 0 0 0 0 0 0 0 0
0 0 0.465455 0 0 0 0 0 0 0 0
0 0 0.653136 0 0 0 0 0 0 0 0
0 0 0.523148 0 0 0 0 0 0 0 0
0 0 0.80916 0 0 0 0 0 0 0 0
0 0 0.468298 0 0 0 0 0 0 0 0
0 0 0.448103 0 0 0 0 0 0 0 0
0 0 0.42804 0 0 0 0 0 0 0 0
0 0 0.636107 0 0 0 0 0 0 0 0
0 0 0.679612 0 0 0 0 0 0 0 0
0 0 0.823529 0 0 0 0 0 0 0 0
0 0 0.679612 0 0 0 0 0 0 0 0
0 0 0.823529 0 0 0 0 0 0 0 0
0 0 0.713942 0 0 0 0 0 0 0 0
1 0 0.55914 0 0 0 0 9.72 5.69 100 0
1 1 0.895683 0 0 0 0 9.29 5.09 0 0
1 1 0.927914 0 0 0 0 9.11 5.03 0 0
1 1 0.918216 0 0 0 0 9.46 5.09 50 0
1 0 0.556757 0 0 0 0 8.6 5.05 100 0
1 1 0.895683 0 0 0 0 8.22 4.52 0 0
1 1 0.839363 0 0 0 0 8.07 4.47 0 0
1 1 0.918216 0 0 0 0 8.37 4.52 50 0
1 0 0.79096 0 0 0 0 0 0 0 0
0 0 0.579739 0 0 0 0 0 0 0 0
1 1 0.449627 0 0 0 0 10.39 6.05 76.47 0
1 1 0.511931 0 0 0 0 10.34 5.99 0 0
0 0 0.715217 0 0 0 0 0 0 0 0
1 1 0.745342 0 0 0 0 12.23 6.85 78.57 0
1 1 0.649682 0 0 0 0 14.99 10.09 100 0
1 1 0.647059 0 0 0 0 15.38 10.44 100 0
0 0 0.53913 0 0 0 0 0 0 0 0
0 0 0.61859 0 0 0 0 0 0 0 0
0 0 0.423729 0 0 0 0 0 0 0 0
0 0 0.443662 0 0 0 0 0 0 0 0
0 0 0.557292 0 0 0 0 0 0 0 0
0 0 0.486842 0 0 0 0 0 0 0 0
0 0 0.424266 0 0 0 0 0 0 0 0
0 0 0.673524 0 0 0 0 0 0 0 0
0 0 0.797297 0 0 0 0 0 0 0 0
1 1 0.684564 0 0 0 0 3.04 1.95 100 0
1 1 0.507692 0 0 0 0 3.06 1.81 100 0
0 0 0.452174 0 0 0 0 0 0 0 0
0 0 0.468485 0 0 0 0 0 0 0 0
0 0 0.73516 0 0 0 0 0 0 0 0
1 0 0.571171 0 0 0 0 3.03 1.85 42.86 0
0 0 0.323468 0 0 0 0 0 0 0 0
1 0 0.55914 0 0 0 0 9.72 5.69 100 0
1 1 0.895683 0 0 0 0 9.29 5.09 0 0
1 1 0.927914 0 0 0 0 9.11 5.03 0 0
1 1 0.918216 0 0 0 0 9.4 5.09 50 0
1 0 0.556757 0 0 0 0 8.6 5.05 100 0
1 1 0.895683 0 0 0 0 8.22 4.52 0 0
1 1 0.839363 0 0 0 0 8.07 4.47 0 0
1 1 0.918216 0 0 0 0 8.32 4.52 50 0
1 1 0.923077 0 0 0 0 10.73 6.21 100 0
1 1 0.540107 0 0 0 0 15.96 10.67 72.73 0
0 0 0.482113 0 0 0 0 0 0 0 0
0 0 0.629428 0 0 0 0 0 0 0 0
1 1 0.502829 0 0 0 0 12.22 8.25 58.14 0
1 1 0.484043 0 0 0 0 15.44 10.81 100 0
0 0 0.372482 0 0 0 0 0 0 0 0
1 1 0.846561 0 0 0 0 10.34 6.08 83.33 0
1 1 0.511765 0 0 0 0 10.59 6.43 100 0
0 0 0.381238 0 0 0 0 0 0 0 0
1 1 0.694444 0 0 0 0 10.65 6.61 100 0
0 0 0.362319 0 0 0 0 0 0 0 0
0 0 0.416667 0 0 0 0 0 0 0 0
0 0 0.342105 0 0 0 0 0 0 0 0
0 0 0.583333 0 0 0 0 0 0 0 0
0 0 0.361702 0 0 0 0 0 0 0 0
0 0 0.743719 0 0 0 0 0 0 0 0
0 0 0.526882 0 0 0 0 0 0 0 0
0 0 0.514793 0 0 0 0 0 0 0 0
0 0 0.697128 0 0 0 0 0 0 0 0
0 0 0.583333 0 0 0 0 0 0 0 0
0 0 0.361702 0 0 0 0 0 0 0 0
0 0 0.743719 0 0 0 0 0 0 0 0
0 0 0.526882 0 0 0 0 0 0 0 0
0 0 0.514793 0 0 0 0 0 0 0 0
0 0 0.688022 0 0 0 0 0 0 0 0
0 0 0.783133 0 0 0 0 0 0 0 0
1 0 0.55914 0 0 0 0 9.72 5.69 100 0
1 1 0.895683 0 0 0 0 9.29 5.09 0 0
1 1 0.927914 0 0 0 0 9.11 5.03 0 0
1 1 0.918216 0 0 0 0 9.4 5.09 50 0
1 0 0.556757 0 0 0 0 8.6 5.05 100 0
1 1 0.895683 0 0 0 0 8.22 4.52 0 0
1 1 0.839363 0 0 0 0 8.07 4.47 0 0
1 1 0.918216 0 0 0 0 8.32 4.52 50 0
0 0 0.566879 0 0 0 0 0 0 0 0
1 1 0.581301 0 0 0 0 9.12 5.45 71.43 0
0 0 0.744939 0 0 0 0 0 0 0 0
1 1 0.780669 0 0 0 0 8.77 4.66 100 0
0 0 0.675862 0 0 0 0 0 0 0 0
1 1 0.681159 0 0 0 0 14.51 9.07 0 0
1 0 0.714286 0 0 0 0 14.38 9.07 100 0
0 0 0.444037 0 0 0 0 0 0 0 0
1 1 0.739837 0 0 0 0 14.56 9.08 0 0
1 1 0.502645 0 0 0 0 13.89 9.89 100 0
1 1 0.982143 0 0 0 0 13.42 9.2 100 0
1 1 0.463964 0 0 0 0 13.9 9.64 100 0
1 1 0.463964 0 0 0 0 13.9 9.64 100 0
1 0 0.292453 0 0 0 0 13.59 8.65 100 0
1 0 0.297917 0 0 0 0 14.08 8.83 100 0
1 0 0.136824 0 0 0 0 13.66 8.65 100 0
0 0 0.290421 0 0 0 0 0 0 0 0
0 0 0.425915 0 0 0 0 0 0 0 0
0 0 0.393746 0 0 0 0 0 0 0 0
0 0 0.330752 0 0 0 0 0 0 0 0
1 1 0.398458 0 0 0 0 13.28 8.78 0 0
0 0 0.435158 0 0 0 0 0 0 0 0
1 1 0.821306 0 0 0 0 17.98 12.65 45.45 0
1 1 0.593333 0 0 0 0 8.92 4.98 100 0
1 1 0.556122 0 0 0 0 9.01 5.64 78.57 0
0 0 0.511628 0 0 0 0 0 0 0 0
0 0 0.548077 0 0 0 0 0 0 0 0
0 0 0.56988 0 0 0 0 0 0 0 0
0 0 0.55902 0 0 0 0 0 0 0 0
1 1 0.779006 0 0 0 0 9.08 4.96 69.23 0
0 0 0.772917 0 0 0 0 0 0 0 0
0 0 0.73849 0 0 0 0 0 0 0 0
0 0 0.212914 0 0 0 0 0 0 0 0
0 0 0.574941 0 0 0 0 0 0 0 0
1 1 0.591304 0 0 0 0 8.96 4.86 47.06 0
0 0 0.436652 0 0 0 0 0 0 0 0
1 1 0.454294 0 0 0 0 9.14 5.6 92.31 0
1 1 0.454294 0 0 0 0 9.14 5.6 92.31 0
1 1 0.52657 0 0 0 0 16.14 11.05 87.5 0
1 1 0.483092 0 0 0 0 16.14 11.05 87.5 0
1 1 0.893939 0 0 0 0 8.78 5.5 100 0
0 0 0.745614 0 0 0 0 0 0 0 0
0 0 0.719949 0 0 0 0 0 0 0 0
1 0 0.682353 0 0 0 0 0 0 0 0
1 0 0.568598 0 0 0 0 0 0 0 0
1 0 0.5033 0 0 0 0 0 0 0 0
1 0 0.707865 0 0 0 0 0 0 0 0
0 0 0.658643 0 0 0 0 0 0 0 0
0 0 0.0944272 0 0 0 0 0 0 0 0
0 0 0.540146 0 0 0 0 0 0 0 0
1 0 0.681992 0 0 0 0 14.44 9 100 0
1 1 0.582485 0 0 0 0 13.87 8.33 71.43 0
1 1 0.644928 0 0 0 0 14.36 9.15 50 0
0 0 0.481268 0 0 0 0 0 0 0 0
0 0 0.248663 0 0 0 0 0 0 0 0
1 1 0.788235 0 0 0 0 8.9 5.96 100 0
1 1 0.714286 0 0 0 0 9.09 5.96 100 0
1 0 0.164502 0 0 0 0 8.73 5.61 100 0
0 0 0.0513269 0 0 0 0 0 0 0 0
0 0 0.532468 0 0 0 0 0 0 0 0
1 1 0.857143 0 0 0 0 0.3 0.38 100 0
1 1 0.887097 0 0 0 0 0.3 0.38 100 0
1 1 0.555866 0 0 0 0 0.3 0.38 86.67 0
1 1 0.615385 0 0 0 0 0.3 0.38 100 0
0 0 0.742455 0 0 0 0 0 0 0 0
1 1 0.715278 0 0 0 0 0.3 0.38 100 0
1 1 0.591463 0 0 0 0 0.3 0.38 0 0
1 1 0.134715 0 0 0 0 0.3 0.38 0 0
1 1 0.77451 0 0 0 0 0.3 0.38 0 0
1 1 0.711268 0 0 0 0 0.3 0.38 0 0
1 1 0.609756 0 0 0 0 0.3 0.38 0 0
1 1 0.927273 0 0 0 0 0.3 0.38 0 0
1 1 0.931217 0 0 0 0 0.3 0.38 0 0
1 1 0.871429 0 0 0 0 0.3 0.38 0 0
1 1 0.837438 0 0 0 0 0.3 0.38 0 0
1 1 0.818565 0 0 0 0 0.3 0.38 0 0
1 1 0.830986 0 0 0 0 0.3 0.38 66.67 0
1 1 0.815789 0 0 0 0 0.3 0.38 0 0
1 1 0.816583 0 0 0 0 0.3 0.38 0 0
1 1 0.788204 0 0 0 0 0.3 0.38 0 0
1 1 0.850877 0 0 0 0 0.3 0.38 0 0
0 0 0.313856 0 0 0 0 0 0 0 0
1 1 0.730337 0 0 0 0 0.3 0.38 0 0
1 1 0.458824 0 0 0 0 0.3 0.38 0 0
1 1 0.857143 0 0 0 0 0.3 0.38 100 0
1 1 0.887097 0 0 0 0 0.3 0.38 100 0
1 1 0.555866 0 0 0 0 0.3 0.38 86.67 0
1 1 0.615385 0 0 0 0 0.3 0.38 100 0
0 0 0.742455 0 0 0 0 0 0 0 0
1 1 0.715278 0 0 0 0 0.3 0.38 100 0
1 1 0.591463 0 0 0 0 0.3 0.38 0 0
1 1 0.621762 0 0 0 0 0.3 0.38 0 0
1 1 0.77451 0 0 0 0 0.3 0.38 0 0
1 1 0.711268 0 0 0 0 0.3 0.38 0 0
1 1 0.609756 0 0 0 0 0.3 0.38 0 0
1 1 0.927273 0 0 0 0 0.3 0.38 0 0
1 1 0.931217 0 0 0 0 0.3 0.38 0 0
1 1 0.871429 0 0 0 0 0.3 0.38 0 0
1 1 0.837438 0 0 0 0 0.3 0.38 0 0
1 1 0.818565 0 0 0 0 0.3 0.38 0 0
1 1 0.830986 0 0 0 0 0.3 0.38 66.67 0
1 1 0.815789 0 0 0 0 0.3 0.38 0 0
1 1 0.816583 0 0 0 0 0.3 0.38 0 0
1 1 0.788204 0 0 0 0 0.3 0.38 0 0
1 1 0.850877 0 0 0 0 0.3 0.38 0 0
0 0 0.313856 0 0 0 0 0 0 0 0
1 1 0.730337 0 0 0 0 0.3 0.38 0 0
1 1 0.458824 0 0 0 0 0.3 0.38 0 0
1 1 0.857143 0 0 0 0 0.3 0.38 100 0
1 1 0.887097 0 0 0 0 0.3 0.38 100 0
1 1 0.555866 0 0 0 0 0.3 0.38 86.67 0
1 1 0.615385 0 0 0 0 0.3 0.38 100 0
0 0 0.742455 0 0 0 0 0 0 0 0
1 1 0.715278 0 0 0 0 0.3 0.38 100 0
1 1 0.591463 0 0 0 0 0.3 0.38 0 0
1 1 0.621762 0 0 0 0 0.3 0.38 0 0
1 1 0.77451 0 0 0 0 0.3 0.38 0 0
1 1 0.711268 0 0 0 0 0.3 0.38 0 0
1 1 0.609756 0 0 0 0 0.3 0.38 0 0
1 1 0.927273 0 0 0 0 0.3 0.38 0 0
1 1 0.931217 0 0 0 0 0.3 0.38 0 0
1 1 0.871429 0 0 0 0 0.3 0.38 0 0
1 1 0.837438 0 0 0 0 0.3 0.38 0 0
1 1 0.818565 0 0 0 0 0.3 0.38 0 0
1 1 0.830986 0 0 0 0 0.3 0.38 66.67 0
1 1 0.815789 0 0 0 0 0.3 0.38 0 0
1 1 0.816583 0 0 0 0 0.3 0.38 0 0
1 1 0.788204 0 0 0 0 0.3 0.38 0 0
1 1 0.850877 0 0 0 0 0.3 0.38 0 0
0 0 0.313856 0 0 0 0 0 0 0 0
1 1 0.730337 0 0 0 0 0.3 0.38 0 0
1 1 0.458824 0 0 0 0 0.3 0.38 0 0
1 1 0.857143 0 0 0 0 0.3 0.38 100 0
1 1 0.887097 0 0 0 0 0.3 0.38 100 0
1 1 0.555866 0 0 0 0 0.3 0.38 86.67 0
1 1 0.615385 0 0 0 0 0.3 0.38 100 0
0 0 0.742455 0 0 0 0 0 0 0 0
1 1 0.715278 0 0 0 0 0.3 0.38 100 0
1 1 0.591463 0 0 0 0 0.3 0.38 0 0
1 1 0.621762 0 0 0 0 0.3 0.38 0 0
1 1 0.77451 0 0 0 0 0.3 0.38 0 0
1 1 0.711268 0 0 0 0 0.3 0.38 0 0
1 1 0.609756 0 0 0 0 0.3 0.38 0 0
1 1 0.927273 0 0 0 0 0.3 0.38 0 0
1 1 0.931217 0 0 0 0 0.3 0.38 0 0
1 1 0.871429 0 0 0 0 0.3 0.38 0 0
1 1 0.837438 0 0 0 0 0.3 0.38 0 0
1 1 0.818565 0 0 0 0 0.3 0.38 0 0
1 1 0.830986 0 0 0 0 0.3 0.38 66.67 0
1 1 0.815789 0 0 0 0 0.3 0.38 0 0
1 1 0.816583 0 0 0 0 0.3 0.38 0 0
1 1 0.788204 0 0 0 0 0.3 0.38 0 0
1 1 0.850877 0 0 0 0 0.3 0.38 0 0
0 0 0.313856 0 0 0 0 0 0 0 0
1 1 0.730337 0 0 0 0 0.3 0.38 0 0
1 1 0.458824 0 0 0 0 0.3 0.38 0 0
1 1 0.857143 0 0 0 0 0.3 0.38 100 0
1 1 0.887097 0 0 0 0 0.3 0.38 100 0
1 1 0.555866 0 0 0 0 0.3 0.38 86.67 0
1 1 0.615385 0 0 0 0 0.3 0.38 100 0
0 0 0.742455 0 0 0 0 0 0 0 0
1 1 0.715278 0 0 0 0 0.3 0.38 100 0
1 1 0.591463 0 0 0 0 0.3 0.38 0 0
1 1 0.621762 0 0 0 0 0.3 0.38 0 0
1 1 0.77451 0 0 0 0 0.3 0.38 0 0
1 1 0.711268 0 0 0 0 0.3 0.38 0 0
1 1 0.609756 0 0 0 0 0.3 0.38 0 0
1 1 0.927273 0 0 0 0 0.3 0.38 0 0
1 1 0.931217 0 0 0 0 0.3 0.38 0 0
1 1 0.871429 0 0 0 0 0.3 0.38 0 0
1 1 0.837438 0 0 0 0 0.3 0.38 0 0
1 1 0.818565 0 0 0 0 0.3 0.38 0 0
1 1 0.830986 0 0 0 0 0.3 0.38 66.67 0
1 1 0.815789 0 0 0 0 0.3 0.38 0 0
1 1 0.816583 0 0 0 0 0.3 0.38 0 0
1 1 0.788204 0 0 0 0 0.3 0.38 0 0
1 1 0.850877 0 0 0 0 0.3 0.38 0 0
0 0 0.313856 0 0 0 0 0 0 0 0
1 1 0.730337 0 0 0 0 0.3 0.38 0 0
1 1 0.458824 0 0 0 0 0.3 0.38 0 0
1 1 0.857143 0 0 0 0 0.3 0.38 100 0
1 1 0.887097 0 0 0 0 0.3 0.38 100 0
1 1 0.555866 0 0 0 0 0.3 0.38 86.67 0
1 1 0.615385 0 0 0 0 0.3 0.38 100 0
0 0 0.742455 0 0 0 0 0 0 0 0
1 1 0.715278 0 0 0 0 0.3 0.38 100 0
1 1 0.591463 0 0 0 0 0.3 0.38 0 0
1 1 0.621762 0 0 0 0 0.3 0.38 0 0
1 1 0.77451 0 0 0 0 0.3 0.38 0 0
1 1 0.711268 0 0 0 0 0.3 0.38 0 0
1 1 0.609756 0 0 0 0 0.3 0.38 0 0
1 1 0.927273 0 0 0 0 0.3 0.38 0 0
1 1 0.931217 0 0 0 0 0.3 0.38 0 0
1 1 0.871429 0 0 0 0 0.3 0.38 0 0
1 1 0.837438 0 0 0 0 0.3 0.38 0 0
1 1 0.818565 0 0 0 0 0.3 0.38 0 0
1 1 0.830986 0 0 0 0 0.3 0.38 66.67 0
1 1 0.815789 0 0 0 0 0.3 0.38 0 0
1 1 0.816583 0 0 0 0 0.3 0.38 0 0
1 1 0.788204 0 0 0 0 0.3 0.38 0 0
1 1 0.850877 0 0 0 0 0.3 0.38 0 0
0 0 0.313856 0 0 0 0 0 0 0 0
1 1 0.730337 0 0 0 0 0.3 0.38 0 0
1 1 0.458824 0 0 0 0 0.3 0.38 0 0
1 1 0.857143 0 0 0 0 0.3 0.38 100 0
1 1 0.887097 0 0 0 0 0.3 0.38 100 0
1 1 0.555866 0 0 0 0 0.3 0.38 86.67 0
1 1 0.615385 0 0 0 0 0.3 0.38 100 0
0 0 0.742455 0 0 0 0 0 0 0 0
1 1 0.715278 0 0 0 0 0.3 0.38 100 0
1 1 0.591463 0 0 0 0 0.3 0.38 0 0
1 1 0.621762 0 0 0 0 0.3 0.38 0 0
1 1 0.77451 0 0 0 0 0.3 0.38 0 0
1 1 0.711268 0 0 0 0 0.3 0.38 0 0
1 1 0.609756 0 0 0 0 0.3 0.38 0 0
1 1 0.927273 0 0 0 0 0.3 0.38 0 0
1 1 0.931217 0 0 0 0 0.3 0.38 0 0
1 1 0.871429 0 0 0 0 0.3 0.38 0 0
1 1 0.837438 0 0 0 0 0.3 0.38 0 0
1 1 0.818565 0 0 0 0 0.3 0.38 0 0
1 1 0.830986 0 0 0 0 0.3 0.38 66.67 0
1 1 0.815789 0 0 0 0 0.3 0.38 0 0
1 1 0.816583 0 0 0 0 0.3 0.38 0 0
1 1 0.788204 0 0 0 0 0.3 0.38 0 0
1 1 0.850877 0 0 0 0 0.3 0.38 0 0
0 0 0.313856 0 0 0 0 0 0 0 0
1 1 0.730337 0 0 0 0 0.3 0.38 0 0
1 1 0.458824 0 0 0 0 0.3 0.38 0 0
1 1 0.857143 0 0 0 0 0.3 0.38 100 0
1 1 0.887097 0 0 0 0 0.3 0.38 100 0
1 1 0.555866 0 0 0 0 0.3 0.38 86.67 0
1 1 0.615385 0 0 0 0 0.3 0.38 100 0
0 0 0.742455 0 0 0 0 0 0 0 0
1 1 0.715278 0 0 0 0 0.3 0.38 100 0
1 1 0.591463 0 0 0 0 0.3 0.38 0 0
1 1 0.621762 0 0 0 0 0.3 0.38 0 0
1 1 0.77451 0 0 0 0 0.3 0.38 0 0
1 1 0.711268 0 0 0 0 0.3 0.38 0 0
1 1 0.609756 0 0 0 0 0.3 0.38 0 0
1 1 0.927273 0 0 0 0 0.3 0.38 0 0
1 1 0.931217 0 0 0 0 0.3 0.38 0 0
1 1 0.871429 0 0 0 0 0.3 0.38 0 0
1 1 0.837438 0 0 0 0 0.3 0.38 0 0
1 1 0.818565 0 0 0 0 0.3 0.38 0 0
1 1 0.830986 0 0 0 0 0.3 0.38 66.67 0
1 1 0.815789 0 0 0 0 0.3 0.38 0 0
1 1 0.816583 0 0 0 0 0.3 0.38 0 0
1 1 0.788204 0 0 0 0 0.3 0.38 0 0
1 1 0.850877 0 0 0 0 0.3 0.38 0 0
0 0 0.313856 0 0 0 0 0 0 0 0
1 1 0.730337 0 0 0 0 0.3 0.38 0 0
1 1 0.458824 0 0 0 0 0.3 0.38 0 0
1 1 0.857143 0 0 0 0 0.3 0.38 100 0
1 1 0.887097 0 0 0 0 0.3 0.38 100 0
1 1 0.555866 0 0 0 0 0.3 0.38 86.67 0
1 1 0.615385 0 0 0 0 0.3 0.38 100 0
0 0 0.742455 0 0 0 0 0 0 0 0
1 1 0.715278 0 0 0 0 0.3 0.38 100 0
1 1 0.591463 0 0 0 0 0.3 0.38 0 0
1 1 0.621762 0 0 0 0 0.3 0.38 0 0
1 1 0.77451 0 0 0 0 0.3 0.38 0 0
1 1 0.711268 0 0 0 0 0.3 0.38 0 0
1 1 0.609756 0 0 0 0 0.3 0.38 0 0
1 1 0.927273 0 0 0 0 0.3 0.38 0 0
1 1 0.931217 0 0 0 0 0.3 0.38 0 0
1 1 0.871429 0 0 0 0 0.3 0.38 0 0
1 1 0.837438 0 0 0 0 0.3 0.38 0 0
1 1 0.818565 0 0 0 0 0.3 0.38 0 0
1 1 0.830986 0 0 0 0 0.3 0.38 66.67 0
1 1 0.815789 0 0 0 0 0.3 0.38 0 0
1 1 0.816583 0 0 0 0 0.3 0.38 0 0
1 1 0.788204 0 0 0 0 0.3 0.38 0 0
1 1 0.850877 0 0 0 0 0.3 0.38 0 0
0 0 0.313856 0 0 0 0 0 0 0 0
1 1 0.730337 0 0 0 0 0.3 0.38 0 0
1 1 0.458824 0 0 0 0 0.3 0.38 0 0
1 1 0.857143 0 0 0 0 0.3 0.38 100 0
1 1 0.887097 0 0 0 0 0.3 0.38 100 0
1 1 0.555866 0 0 0 0 0.3 0.38 86.67 0
1 1 0.615385 0 0 0 0 0.3 0.38 100 0
0 0 0.742455 0 0 0 0 0 0 0 0
1 1 0.715278 0 0 0 0 0.3 0.38 100 0
1 1 0.591463 0 0 0 0 0.3 0.38 0 0
1 1 0.621762 0 0 0 0 0.3 0.38 0 0
1 1 0.77451 0 0 0 0 0.3 0.38 0 0
1 1 0.711268 0 0 0 0 0.3 0.38 0 0
1 1 0.609756 0 0 0 0 0.3 0.38 0 0
1 1 0.927273 0 0 0 0 0.3 0.38 0 0
1 1 0.931217 0 0 0 0 0.3 0.38 0 0
1 1 0.871429 0 0 0 0 0.3 0.38 0 0
1 1 0.837438 0 0 0 0 0.3 0.38 0 0
1 1 0.818565 0 0 0 0 0.3 0.38 0 0
1 1 0.830986 0 0 0 0 0.3 0.38 66.67 0
1 1 0.815789 0 0 0 0 0.3 0.38 0 0
1 1 0.816583 0 0 0 0 0.3 0.38 0 0
1 1 0.788204 0 0 0 0 0.3 0.38 0 0
1 1 0.850877 0 0 0 0 0.3 0.38 0 0
0 0 0.313856 0 0 0 0 0 0 0 0
1 1 0.730337 0 0 0 0 0.3 0.38 0 0
1 1 0.458824 0 0 0 0 0.3 0.38 0 0
1 1 0.857143 0 0 0 0 0.3 0.38 100 0
1 1 0.887097 0 0 0 0 0.3 0.38 100 0
1 1 0.555866 0 0 0 0 0.3 0.38 86.67 0
1 1 0.615385 0 0 0 0 0.3 0.38 100 0
0 0 0.742455 0 0 0 0 0 0 0 0
1 1 0.715278 0 0 0 0 0.3 0.38 100 0
1 1 0.591463 0 0 0 0 0.3 0.38 0 0
1 1 0.621762 0 0 0 0 0.3 0.38 0 0
1 1 0.77451 0 0 0 0 0.3 0.38 0 0
1 1 0.711268 0 0 0 0 0.3 0.38 0 0
1 1 0.609756 0 0 0 0 0.3 0.38 0 0
1 1 0.927273 0 0 0 0 0.3 0.38 0 0
1 1 0.931217 0 0 0 0 0.3 0.38 0 0
1 1 0.871429 0 0 0 0 0.3 0.38 0 0
1 1 0.837438 0 0 0 0 0.3 0.38 0 0
1 1 0.818565 0 0 0 0 0.3 0.38 0 0
1 1 0.830986 0 0 0 0 0.3 0.38 66.67 0
1 1 0.815789 0 0 0 0 0.3 0.38 0 0
1 1 0.816583 0 0 0 0 0.3 0.38 0 0
1 1 0.788204 0 0 0 0 0.3 0.38 0 0
1 1 0.850877 0 0 0 0 0.3 0.38 0 0
0 0 0.313856 0 0 0 0 0 0 0 0
1 1 0.730337 0 0 0 0 0.3 0.38 0 0
1 1 0.458824 0 0 0 0 0.3 0.38 0 0
1 1 0.857143 0 0 0 0 0.3 0.38 100 0
1 1 0.887097 0 0 0 0 0.3 0.38 100 0
1 1 0.555866 0 0 0 0 0.3 0.38 86.67 0
1 1 0.615385 0 0 0 0 0.3 0.38 100 0
0 0 0.742455 0 0 0 0 0 0 0 0
1 1 0.715278 0 0 0 0 0.3 0.38 100 0
1 1 0.591463 0 0 0 0 0.3 0.38 0 0
1 1 0.621762 0 0 0 0 0.3 0.38 0 0
1 1 0.77451 0 0 0 0 0.3 0.38 0 0
1 1 0.711268 0 0 0 0 0.3 0.38 0 0
1 1 0.609756 0 0 0 0 0.3 0.38 0 0
1 1 0.927273 0 0 0 0 0.3 0.38 0 0
1 1 0.931217 0 0 0 0 0.3 0.38 0 0
1 1 0.871429 0 0 0 0 0.3 0.38 0 0
1 1 0.837438 0 0 0 0 0.3 0.38 0 0
1 1 0.818565 0 0 0 0 0.3 0.38 0 0
1 1 0.830986 0 0 0 0 0.3 0.38 66.67 0
1 1 0.815789 0 0 0 0 0.3 0.38 0 0
1 1 0.816583 0 0 0 0 0.3 0.38 0 0
1 1 0.788204 0 0 0 0 0.3 0.38 0 0
1 1 0.850877 0 0 0 0 0.3 0.38 0 0
0 0 0.313856 0 0 0 0 0 0 0 0
1 1 0.730337 0 0 0 0 0.3 0.38 0 0
1 1 0.458824 0 0 0 0 0.3 0.38 0 0
1 1 0.857143 0 0 0 0 0.3 0.38 100 0
1 1 0.887097 0 0 0 0 0.3 0.38 100 0
1 1 0.555866 0 0 0 0 0.3 0.38 86.67 0
1 1 0.615385 0 0 0 0 0.3 0.38 100 0
0 0 0.742455 0 0 0 0 0 0 0 0
1 1 0.715278 0 0 0 0 0.3 0.38 100 0
1 1 0.591463 0 0 0 0 0.3 0.38 0 0
1 1 0.621762 0 0 0 0 0.3 0.38 0 0
1 1 0.77451 0 0 0 0 0.3 0.38 0 0
1 1 0.711268 0 0 0 0 0.3 0.38 0 0
1 1 0.609756 0 0 0 0 0.3 0.38 0 0
1 1 0.927273 0 0 0 0 0.3 0.38 0 0
1 1 0.931217 0 0 0 0 0.3 0.38 0 0
1 1 0.871429 0 0 0 0 0.3 0.38 0 0
1 1 0.837438 0 0 0 0 0.3 0.38 0 0
1 1 0.818565 0 0 0 0 0.3 0.38 0 0
1 1 0.830986 0 0 0 0 0.3 0.38 66.67 0
1 1 0.815789 0 0 0 0 0.3 0.38 0 0
1 1 0.816583 0 0 0 0 0.3 0.38 0 0
1 1 0.788204 0 0 0 0 0.3 0.38 0 0
1 1 0.850877 0 0 0 0 0.3 0.38 0 0
0 0 0.313856 0 0 0 0 0 0 0 0
1 1 0.730337 0 0 0 0 0.3 0.38 0 0
1 1 0.458824 0 0 0 0 0.3 0.38 0 0
